-21.143,-72,59.908
-22,-72,54.5
-21.143,-72,49.092
-22,-71,54.5
-21.143,-71,59.908
-21.143,-71,49.092
-1.045,39,42.413
-3,39,42.242
-19.278,8.883,66.348
-19.521,3.5,66.5
-19.278,19,59.508
3.401,34.242,54.629
-8.629,39,63.25
-14.663,-8.447,40.088
3.5,34.242,53.5
-1.271,37.144,43.693
-3,37.144,43.541
-3.895,-9.668,29.566
-3.786,-10.5,29.566
-19.521,19,56.5
-19.278,19,53.492
-14.518,-10.5,38.805
-10.237,39,62.124
7.674,-7.103,70.897
1.98,-12,72.776
4.511,-12,71.5
-13.579,39,57.351
-12,-15.5,37.5
6.798,-12,69.768
-13.124,-14.036,37.5
8.773,-12,67.633
-20.62,14.103,59.764
9.216,45.5,49.054
8.258,45.5,47
-12.75,39,59.129
-13.83,-12.33,37.5
-11.624,39,60.737
-12.316,-15.816,38.805
-11.624,37.144,58.479
-13.511,-14.259,38.805
-10.629,37.144,59.901
1.347,-16.426,70.897
-9.401,37.144,61.129
-14.262,-12.446,38.805
3.586,-16.426,69.768
-3.895,-11.332,29.566
5.609,-16.426,68.236
-10.237,35.541,57.678
-12.61,-16.11,40.088
-9.401,35.541,58.871
-13.871,-14.467,40.088
-4.955,39,42.413
-8.371,35.541,59.901
-6.851,39,42.921
-14.663,-12.553,40.088
7.356,-16.426,66.348
0.567,-20.247,68.58
-4.729,37.144,43.693
2.446,-20.247,67.633
-15.803,47.757,53.5
-15.608,47.757,55.723
4.144,-20.247,66.348
-6.406,37.144,44.142
-7.979,37.144,44.876
-15.803,45.5,55.757
-16,45.5,53.5
-15.803,43.243,53.5
-15.608,43.243,55.723
-6.664,-1.883,75.897
-11.624,39,46.263
-3.5,-1.883,76.196
-9.401,37.144,45.871
-0.336,-1.883,75.897
-15.031,-8.348,41.327
-15.03,41.054,55.621
-6.519,-7.103,75.008
-15.216,41.054,53.5
-3.5,-7.103,75.294
-8.629,39,43.75
-15.66,-10.5,42.5
-0.481,-7.103,75.008
-10.237,39,44.876
-15.608,47.757,51.277
2.446,27.247,45.367
-14.767,-14.984,43.588
-15.663,-12.821,43.588
-15.803,45.5,51.243
-6.282,-12,73.557
-3.5,-12,73.821
-15.608,43.243,51.277
-15.365,-12.741,42.5
0.567,27.247,44.42
-14.479,41.054,49.322
-3.686,-8.587,30.429
-15.03,41.054,51.379
3.401,34.242,52.371
-15.365,-8.259,42.5
-3.5,-9.5624,30.1428
-15.969,-10.5,43.588
-3.5,-9.3774,30.2435
-3.5,-9.0364,30.429
-14.087,39,55.455
-14.258,39,53.5
0.0512,33.7562,58.0017
0.1163,33.7435,57.9231
-12.959,37.144,53.5
-12.807,37.144,55.229
-12.358,37.144,56.906
-15.201,-15.235,45.434
-0.718,-12,73.557
-11.229,35.541,54.951
-11.356,35.541,53.5
-10.852,35.541,56.358
9.03,43.243,49.121
-15.001,-15.119,44.571
-15.924,-12.891,44.571
-5.961,-16.426,71.588
-3.5,-16.426,71.821
8.087,47.757,47.099
-1.039,-16.426,71.588
8.773,19,45.367
5.609,23.426,44.764
8.087,43.243,47.099
3.586,23.426,43.232
-7.567,-20.247,68.58
1.347,23.426,42.103
-5.565,-20.247,69.16
6.798,19,43.232
-3.5,-20.247,69.356
-15.9392,-8.9158,44.2393
7.579,41.054,47.392
4.511,19,41.5
-16.239,-10.5,44.571
-16.0845,-9.3275,44.571
3.108,34.242,51.277
1.98,19,40.224
-16.2085,-9.6868,44.8573
-16.2441,-9.7905,44.9397
6.75,39,47.871
2.629,34.242,50.25
-16.147,-12.951,45.434
5.624,37.144,48.521
-15.365,-15.33,46.16
4.629,37.144,47.099
-16.33,-13,46.16
9.817,14.103,44.42
10.457,8.883,43.84
3.401,35.541,48.129
8.211,8.883,41.412
2.371,35.541,47.099
7.674,14.103,42.103
-3.772,57.716,57.879
-3,57.716,57.946
5.192,14.103,40.224
-2.228,57.716,57.879
2.446,14.103,38.84
0.3865,33.6676,57.5358
0.2803,33.6974,57.688
0.5388,33.6299,57.2699
-3.4998,-10.1235,30.0384
-1.435,-20.247,69.16
-3.5,-10.5,29.9686
-6.664,-23.347,65.897
-5.106,-23.347,66.348
-3.5,-23.347,66.5
-17.457,-1.883,43.84
-1.894,-23.347,66.348
-3.4998,-9.913,30.0777
-16.817,-7.103,44.42
-0.336,-23.347,65.897
1.979,34.242,49.322
-16.469,-10.5,45.434
-3.5,-11.4376,30.1428
-3.5002,-10.8765,30.0384
-3.5002,-11.087,30.0777
13.62,-1.883,63.236
14.442,-1.883,59.92
-16.4285,-10.1916,45.434
12.836,-7.103,62.928
-16.5672,-10.5,45.8093
-16.4552,-10.2511,45.5063
-16.571,-10.9212,46.0352
-16.5729,-11.1545,46.16
13.62,-7.103,59.764
-16.5755,-11.7159,46.4574
-19.836,14.103,62.928
0.7114,33.5657,56.9033
0.8089,33.5294,56.6961
0.8806,33.5042,56.5
-21.442,8.883,59.92
10.375,-12,65.16
-20.62,8.883,63.236
11.555,-12,62.424
-3.5,-11.9636,30.429
-3.5,-11.6226,30.2435
-21.719,3.5,59.973
12.278,-12,59.508
-20.884,3.5,63.34
1.178,34.242,48.521
-20.884,14.103,56.5
-19.836,14.103,50.072
14.719,-1.883,56.5
0.25,34.242,47.871
14.442,-1.883,53.08
-20.62,14.103,53.236
13.62,-1.883,49.764
-21.719,8.883,56.5
13.884,-7.103,56.5
13.62,-7.103,53.236
-20.62,8.883,49.764
12.836,-7.103,50.072
-3.4999,-8.7362,30.6199
-21.442,8.883,53.08
-22,3.5,56.5
12.521,-12,56.5
-20.884,3.5,49.66
-21.719,3.5,53.027
12.278,-12,53.492
1.0633,33.3984,55.8456
11.555,-12,50.576
-3.5001,-12.2638,30.6199
1.0171,33.4251,56.0109
1.0248,33.4206,55.9834
1.1048,33.3718,55.6222
1.379,33.284,54.272
-3.5,-23.347,46.5
1.446,33.284,53.5
-19.278,8.883,46.652
0,-9.195,27.841
-1.379,-9.121,28.261
-0.975,-8.81,28.261
-2.152,-18.531,41.327
-19.521,3.5,46.5
0,-18.815,41.327
-1.479,57.716,57.678
1.379,33.284,52.728
-0.777,57.716,57.351
-19.278,-1.883,66.348
0,-19.16,42.5
1.178,33.284,51.979
-3.5,-17.973,41.327
-5.223,57.716,57.351
-13.579,39,49.649
-14.087,39,51.545
5.609,8.883,39.443
2.731,8.883,37.992
-12.358,37.144,50.094
-3.4999,-18.1001,41.7292
-12.807,37.144,51.771
-4.848,-18.531,41.327
10.672,3.5,43.644
12.521,3.5,46.5
8.392,3.5,41.179
-7,-18.815,41.327
5.75,3.5,39.179
2.827,3.5,37.706
-10.237,35.541,49.322
1.178,33.284,55.021
-10.852,35.541,50.642
-11.229,35.541,52.049
1.162,33.2757,54.9617
1.1461,33.2513,54.6716
0.851,33.284,51.277
-3.5,30.347,46.5
-14.087,47.757,47.099
-15.03,47.757,49.121
-14.258,45.5,47
-15.216,45.5,49.054
0.406,33.284,50.642
-1.435,27.247,43.84
-14.087,43.243,47.099
-3.5,27.247,43.644
-15.03,43.243,49.121
-5.565,27.247,43.84
-7,-19.16,42.5
-13.579,41.054,47.392
1.1647,33.284,55.0496
-7.567,27.247,44.42
1.165,33.2803,55.0163
1.1648,33.28,55.0134
-9.446,27.247,45.367
-2.241,-18.865,42.5
-21.442,-1.883,59.92
-12.75,39,47.871
-4.521,57.716,57.678
-20.62,-1.883,63.236
-20.62,-7.103,59.764
-0.505,-8.616,28.261
-10.629,37.144,47.099
0,-19.469,43.588
-0.7606,-19.3207,43.4189
-1.3236,-19.1721,43.157
-11.624,37.144,48.521
0,-8.549,28.261
-8.371,35.541,47.099
1.0145,33.1789,53.9557
-1.435,-20.247,43.84
0.9602,33.1588,53.7165
-9.401,35.541,48.129
-0.566,-10.173,27.586
-0.3973,-19.4166,43.588
-0.462,-10.038,27.586
-0.2102,-19.465,43.6744
-0.327,-9.934,27.586
0,-19.5194,43.7715
-0.169,-9.868,27.586
0,-9.846,27.586
-8.27,15.268,90.5
-8.788,15.07,90.5
-9.242,14.69,90.5
-9.595,14.159,90.5
-9.897,12.824,90.5
-9.82,12.128,90.5
-9.595,11.489,90.5
-9.242,10.958,90.5
-8.788,10.578,90.5
-0.923,-9.577,27.841
-8.27,10.38,90.5
-9.82,13.519,90.5
-0.653,-9.37,27.841
-0.338,-9.239,27.841
10.731,-16.2496,56.318
11,-15.1572,54
10.9455,-15.3785,54.4696
10.9701,-15.179,53.742
1.0738,33.2009,54.2182
-1.261,-10.162,27.841
-1.13,-9.847,27.841
1.0597,33.1957,54.1558
10.731,-14.5481,51.682
10.7838,-14.6873,52.1368
10.4763,-14.7469,51.0005
-1.884,-9.995,28.261
-3,55.459,61.856
-1.69,-9.525,28.261
-19.836,-7.103,62.928
-1.549,55.459,61.729
-3,53.856,63.459
9.95,-14.5699,49.592
-1.271,53.856,63.307
-19.278,-12,59.508
9.9263,-14.5912,49.5597
0.8869,33.1341,53.5
0.8431,33.1248,53.3937
-2.5801,-18.8188,42.8097
-21.719,-1.883,56.5
-2.7354,-18.7332,42.7398
-20.62,-1.883,49.764
0.6238,33.0784,52.8611
0.6706,33.0883,52.9747
-21.442,-1.883,53.08
0.5892,33.0743,52.7906
-3.2682,-18.4397,42.5
-20.884,-7.103,56.5
-19.836,-7.103,50.072
-20.62,-7.103,53.236
8.773,-16.426,64.16
-11.144,27.247,66.348
-3.5,-18.3104,42.3947
-3.4999,-18.2024,42.0529
-9.446,27.247,67.633
-3.5,-18.3104,42.3947
-4.759,-18.865,42.5
-4.451,55.459,61.729
-19.521,-12,56.5
-19.278,-12,53.492
-7.979,53.856,62.124
-6.406,53.856,62.858
-3.5,-20.247,43.644
-4.729,53.856,63.307
-19,-12.7637,54
-19.278,-1.883,46.652
-14.356,23.426,66.348
5.786,-72,68.658
0.908,-72,71.143
-4.5,-72,72
-9.908,-72,71.143
-14.786,-72,68.658
-6.851,52,64.079
-18.658,-72,44.214
-14.786,-72,40.342
-9.908,-72,37.857
-4.5,-72,37
0.908,-72,37.857
5.786,-72,40.342
9.658,-72,44.214
12.143,-72,49.092
13,-72,54.5
12.143,-72,59.908
9.658,-72,64.786
-18.658,-72,64.786
0.908,-71,71.143
5.786,-71,68.658
-14.786,-71,68.658
-9.908,-71,71.143
-4.5,-71,72
-4.955,52,64.587
13,-71,54.5
12.143,-71,49.092
9.658,-71,44.214
5.786,-71,40.342
0.908,-71,37.857
-4.5,-71,37
-9.908,-71,37.857
-14.786,-71,40.342
-18.658,-71,44.214
-18.658,-71,64.786
9.658,-71,64.786
12.143,-71,59.908
-3,52,64.758
-12.609,23.426,68.236
-1.045,52,64.587
9.95,-59.5,58.408
8.733,-59.5,60.068
7.2,-59.5,61.133
5.5,-59.5,61.5
3.8,-59.5,61.133
2.267,-59.5,60.068
1.05,-59.5,58.408
9.95,-59.5,49.592
10.731,-59.5,51.682
11,-59.5,54
10.731,-59.5,56.318
0.269,-59.5,56.318
0,-59.5,54
0.269,-59.5,51.682
1.05,-59.5,49.592
-7.178,49.946,64.979
2.267,-59.5,47.932
3.8,-59.5,46.867
5.5,-59.5,46.5
7.2,-59.5,46.867
8.733,-59.5,47.932
-9.05,-59.5,58.408
-10.267,-59.5,60.068
-11.8,-59.5,61.133
-13.5,-59.5,61.5
-15.2,-59.5,61.133
-16.733,-59.5,60.068
-17.95,-59.5,58.408
-10.4231,23.9718,69.463
-10.6636,23.9572,69.2926
-9.05,-59.5,49.592
-8.269,-59.5,51.682
-8,-59.5,54
-8.269,-59.5,56.318
-18.731,-59.5,56.318
-19,-59.5,54
-5.121,49.946,65.53
-18.731,-59.5,51.682
-17.95,-59.5,49.592
-16.733,-59.5,47.932
-15.2,-59.5,46.867
-13.5,-59.5,46.5
-11.8,-59.5,46.867
-10.267,-59.5,47.932
4.811,-7.722,33.673
-11.8795,23.8834,68.4296
-11.9641,23.82,68.4153
-12.4897,23.426,68.3263
-1.3766,-19.1618,43.1453
-2.2739,-18.9876,42.9477
4.305,-6.195,34.912
-8.2473,23.9146,70.6007
-0.879,49.946,65.53
-8.5116,23.9983,70.4081
5.272,-7.456,34.912
9.817,-16.426,61.74
4.662,-5.838,36.195
10.457,-16.426,59.16
-0.654,-10.5,27.586
-0.632,-10.331,27.586
0,-10.5,27.5
5.71,-7.203,36.195
-3,56.758,60
0,-11.154,27.586
-0.169,-11.132,27.586
-0.327,-11.066,27.586
-0.462,-10.962,27.586
-0.566,-10.827,27.586
-1.871,56.758,59.901
-0.632,-10.669,27.586
3.928,-6.572,33.673
-0.777,56.758,59.608
3.044,-5.228,34.912
-9.2598,24.2352,69.8628
-9.3831,24.2073,69.8205
3.297,-4.79,36.195
-14.7435,22.2155,66.6994
-15.773,21.1896,65.9149
-1.305,-10.5,27.841
-0.142,55.459,61.352
-1.13,-11.153,27.841
-12.633,23.3368,68.2669
-14.2596,22.6612,66.939
5.366,-9.062,33.673
-14.4843,22.5679,66.7554
-1.261,-10.838,27.841
-14.5288,22.5072,66.7459
5.556,-10.5,33.673
-7.979,56.758,57.678
-12.593,23.3617,68.2834
5.366,-11.938,33.673
-1.951,-10.5,28.261
-7.178,56.758,58.479
-16.9586,19,65.8028
-6.25,56.758,59.129
-3.7317,-18.4396,42.5
5.88,-8.924,34.912
-4.7261,-18.9877,42.948
-5.223,56.758,59.608
-17.977,16.5017,65.536
-17.2762,18.1332,65.7654
6.088,-10.5,34.912
-4.129,56.758,59.901
-4.903,-19.0221,42.9869
-5.6764,-19.1723,43.1571
8.733,-18.8607,60.068
5.88,-12.076,34.912
9.5284,-18.0058,58.983
8.8437,-18.7417,59.917
-7.178,55.459,60.737
6.369,-8.793,36.195
-5.565,-20.247,43.84
-5.858,55.459,61.352
9.95,-17.3775,58.408
9.9127,-17.4331,58.4589
6.593,-10.5,36.195
6.369,-12.207,36.195
5.609,-20.247,64.764
-17.8428,16.587,65.6986
-17.8341,16.5235,65.7452
-3.772,58.303,55.621
-3.392,58.303,55.723
-3,58.303,55.757
-2.608,58.303,55.723
-2.228,58.303,55.621
4.811,-13.278,33.673
-1.871,58.303,55.455
-7,-19.469,43.588
-6.6026,-19.4166,43.588
5.272,-13.544,34.912
4.305,-14.805,34.912
-7,-19.5194,43.7716
5.71,-13.797,36.195
-7.2544,-19.5032,43.8344
-7.725,-19.4731,43.9507
4.662,-15.162,36.195
-7.567,-20.247,44.42
-0.142,57.716,56.906
-16.3124,9.4646,70.2557
-15.8883,8.883,70.8558
-1.549,58.303,55.229
-1.271,58.303,54.951
3.928,-14.428,33.673
-1.045,58.303,54.629
-0.879,58.303,54.272
-0.777,58.303,53.892
-0.743,58.303,53.5
-15.2453,7.8616,71.6322
3.044,-15.772,34.912
-15.392,3.5,71.821
-12.7055,5.1981,73.7377
3.297,-16.21,36.195
-12.9926,5.3218,73.512
-14.0416,6.3251,72.6491
-1.039,23.426,41.412
-12.7855,5.2326,73.6748
-12.75,3.5,73.821
-3.5,23.426,41.179
4.33,-8,32.5
-5.961,23.426,41.412
-14.8466,7.0952,71.9867
-14.6998,6.9546,72.1075
3.127,-7.373,31.412
-0.718,19,39.443
-11.0079,4.2495,74.6523
-10.7749,4.2146,74.7719
-10.1478,4.1208,75.0937
-9.8168,4.0713,75.2636
-3.5,19,39.179
3.536,-6.964,32.5
-9.827,3.5,75.294
-1.884,-11.005,28.261
-6.282,19,39.443
-8.9887,3.8688,75.5152
0,-11.805,27.841
-0.338,-11.761,27.841
-0.653,-11.63,27.841
-0.923,-11.423,27.841
-8.347,23.426,42.103
4.272,-9.355,31.412
-10.586,23.426,43.232
4.423,-10.5,31.412
-0.975,-12.19,28.261
-12.609,23.426,44.764
4.272,-11.645,31.412
-18.555,14.103,65.897
-1.379,-11.879,28.261
4.83,-9.206,32.5
-1.69,-11.475,28.261
-11.511,19,41.5
5,-10.5,32.5
-17.5029,14.103,67.5211
4.83,-11.794,32.5
-13.798,19,43.232
-17.5276,12.824,67.8672
-17.4766,12.7085,67.9807
-15.773,19,45.367
-17.0941,11.8427,68.8311
-17.457,8.883,69.16
-16.4161,9.6063,70.109
3.83,-8.289,31.412
-17.672,3.5,69.356
-5.706,-8.259,28.84
-8.98,19,40.224
-5.17,-8.67,28.84
-4.759,-9.206,28.84
-4.5,-9.83,28.84
6.798,-20.247,62.928
3.105,-9.668,29.566
-4.727,-8.227,29.566
-4.216,-8.893,29.566
3.314,-8.587,30.429
3.696,-9.51,30.429
-0.481,14.103,37.992
1.125,-23.347,65.16
-3.5,14.103,37.706
2.446,-23.347,64.16
-6.519,14.103,37.992
3.586,-23.347,62.928
3.214,-10.5,29.566
-4.412,-10.5,28.84
4.511,-23.347,61.5
-4.5,-11.17,28.84
3.105,-11.332,29.566
5.5,-22.2907,61.5
-4.759,-11.794,28.84
3.827,-10.5,30.429
0.5498,33.0684,52.728
0.2831,33.0286,52.3048
3.696,-11.49,30.429
0.175,33.0191,52.1559
0.1253,33.0148,52.0874
0.0285,33.0063,51.954
-4.216,-12.107,29.566
4.33,-13,32.5
-6.077,-9.577,27.841
7.674,-20.247,60.897
3.83,-12.711,31.412
-5.87,-9.847,27.841
7.702,-20.247,60.7843
3.127,-13.627,31.412
-5.739,-10.162,27.841
7.2,-20.6444,61.133
5.9802,-21.8255,61.3963
7.5883,-20.3541,60.8633
8.211,27.247,58.732
4.5952,-23.347,61.3047
3.536,-14.036,32.5
-6.025,-8.81,28.261
-5.621,-9.121,28.261
7.627,-20.3176,60.8364
0.567,32.63,61.74
3.8,-23.9564,61.133
3.9882,-23.8186,61.1736
-5.31,-9.525,28.261
1.125,30.347,65.16
3.314,-12.413,30.429
4.3119,-23.5671,61.2435
-5.116,-9.995,28.261
2.446,30.347,64.16
3.586,30.347,62.928
0,-4.944,33.673
1.438,-5.134,33.673
4.511,30.347,61.5
2.778,-5.689,33.673
-0.336,8.883,37.103
0.567,-25.63,61.74
1.576,-4.62,34.912
-3.5,8.883,36.804
0,-4.412,34.912
-6.664,8.883,37.103
1.347,-25.63,60.897
-7,-9.195,27.841
1.707,-4.131,36.195
-7.975,-8.81,28.261
0,-3.907,36.195
2.7093,-24.9722,60.3753
1.98,-25.63,59.92
2.778,-15.311,33.673
5.609,27.247,64.764
1.438,-15.866,33.673
0,-17.571,37.5
-1.83,-17.33,37.5
2.267,-25.3807,60.068
2.0461,-25.63,59.7667
6.798,27.247,62.928
-3.5,-16.5616,37.3034
0,-16.056,33.673
-1.946,-17.762,38.805
1.576,-16.38,34.912
0,-18.018,38.805
-9.446,14.103,38.84
0,-18.434,40.088
-2.053,-18.163,40.088
-12.192,14.103,40.224
-14.674,14.103,42.103
-2.778,-5.689,33.673
1.05,-26.2765,58.408
0.9985,-26.3218,58.2703
-3.5003,-6.4514,33.3212
-3.5,-6.2434,33.673
-1.438,-5.134,33.673
-9.731,8.883,37.992
0.8357,-26.4398,57.8346
-12.609,8.883,39.443
-3.044,-5.228,34.912
-15.211,8.883,41.412
-3.5,-16.6288,37.4743
-3.5,-16.6389,37.5
-1.576,-4.62,34.912
1.347,32.63,60.897
-3.297,-4.79,36.195
-1.707,-4.131,36.195
1.98,32.63,59.92
-3.5,-16.6498,37.5295
2.446,32.63,58.84
10.672,-16.426,56.5
-3.5,-17.1183,38.805
-3.4999,-17.0538,38.6297
10.6704,-16.426,56.4802
2.731,32.63,57.688
-3.5002,-17.4613,39.7917
-3.5002,-17.186,38.9999
10.663,-16.4411,56.5
-3.5,-17.5642,40.088
5.192,30.347,59.92
10.6653,-16.4364,56.4939
5.609,30.347,58.236
1.05,-24.4218,49.592
0.992,-24.5402,49.7473
-0.288,3.5,36.804
-3.5,3.5,36.5
-6.712,3.5,36.804
-3.956,-5.228,34.912
-3.4999,-17.6694,40.4067
-9.827,3.5,37.706
-12.75,3.5,39.179
0.6313,-26.5878,57.2875
-3.4996,-5.9284,34.2591
-15.392,3.5,41.179
-3.4999,-17.8453,40.94
0.4448,-26.6894,56.7883
0.337,-26.7483,56.5
-3.4996,-5.9207,34.2734
-3.5,-5.5777,34.912
-5.17,-17.33,37.5
-7,-17.571,37.5
-7.505,-8.616,28.261
-3.703,-4.79,36.195
-7,-8.549,28.261
-6.495,-8.616,28.261
-3.5002,-5.0732,35.9364
-3.5002,-5.3998,35.2734
-3.5,-4.9459,36.195
0.2327,-26.7775,56.0054
0.2081,-26.7808,55.7932
0.269,-26.7723,56.318
-5.054,-17.762,38.805
0.1523,-26.7532,55.312
0.1246,-26.7395,55.0737
-7,-18.018,38.805
0.0712,-26.6801,54.6133
0.0342,-26.639,54.2945
-4.947,-18.163,40.088
-7,-18.434,40.088
0.0171,-26.5396,53.8524
0,-26.5812,54
-3.5,-4.8746,36.3506
-7,-4.944,33.673
-5.562,-5.134,33.673
-4.222,-5.689,33.673
-7,-4.412,34.912
-13.696,-17.196,45.434
-5.424,-4.62,34.912
-13.83,-17.33,46.16
-13.5,-17.6923,46.5
-7,-3.907,36.195
-5.293,-4.131,36.195
-3,58.5,53.5
-9.446,-20.247,45.367
0.4576,-25.63,51.1772
-11.735,-18.701,45.434
-1.438,-15.866,33.673
-10.9709,-19.0614,45.5908
-11.6678,-18.8809,45.977
0.0875,-26.3685,53.2458
-2.778,-15.311,33.673
0.269,-25.8494,51.682
0.2964,-25.8191,51.6088
0.1321,-26.2409,52.8615
-1.576,-16.38,34.912
-10.6875,-19.1349,45.434
-11.8256,-18.8574,46.1262
-11.8874,-18.8209,46.16
-11.9467,-18.7857,46.1921
-3.044,-15.772,34.912
-9.5,34.242,53.5
-9.401,34.242,54.629
-9.108,34.242,55.723
-8.629,34.242,56.75
-9.152,-18.531,41.327
-11.157,-17.701,41.327
-3.297,-16.21,36.195
-8.629,34.242,50.25
7.674,27.247,60.897
-9.108,34.242,51.277
-7,-9.846,27.586
-9.401,34.242,52.371
-6.831,-9.868,27.586
-3.5,-14.7566,33.673
-3.4997,-14.5486,33.3212
-6.673,-9.934,27.586
-6.538,-10.038,27.586
8.773,23.426,64.16
-6.434,-10.173,27.586
9.817,23.426,61.74
10.457,23.426,59.16
-6.662,-9.239,27.841
-6.347,-9.37,27.841
10.375,19,65.16
11.555,19,62.424
12.278,19,59.508
-3.5004,-15.0716,34.2591
-3.5,-15.4223,34.912
-3.5004,-15.0793,34.2734
-7.566,-10.173,27.586
-7.462,-10.038,27.586
-3.956,-15.772,34.912
-7.327,-9.934,27.586
-7.169,-9.868,27.586
-8.13,-9.847,27.841
-16.817,14.103,44.42
-7.923,-9.577,27.841
0.3548,-25.7506,51.4525
-7.653,-9.37,27.841
12.278,-1.883,46.652
-7.338,-9.239,27.841
-8.125,30.347,65.16
8.392,27.247,56.5
8.211,27.247,54.268
-3.4998,-15.9268,35.9364
-3.4998,-15.6002,35.2734
-3.703,-16.21,36.195
2.827,32.63,56.5
11.555,-7.103,47.103
-5.695,-10.5,27.841
2.731,32.63,55.312
-5.739,-10.838,27.841
-5.87,-11.153,27.841
-11.511,30.347,61.5
-10.586,30.347,62.928
-5.049,-10.5,28.261
2.446,32.63,54.16
-9.446,30.347,64.16
-5.116,-11.005,28.261
10.375,-12,47.84
5.75,30.347,56.5
-13.798,27.247,62.928
5.609,30.347,54.764
-12.609,27.247,64.764
9.5769,-12,46.6079
9.474,-13.038,46.739
-6.077,-11.423,27.841
-5.31,-11.475,28.261
9.577,-13.066,47.159
-5.621,-11.879,28.261
-9.731,32.63,57.688
-9.446,32.63,58.84
-6.025,-12.19,28.261
-8.98,32.63,59.92
-8.347,32.63,60.897
-12.609,30.347,58.236
1.98,32.63,53.08
-12.192,30.347,59.92
1.347,32.63,52.103
0.567,32.63,51.26
5.192,30.347,53.08
4.511,30.347,51.5
3.586,30.347,50.072
-15.211,27.247,58.732
-14.674,27.247,60.897
8.66,-15.5,47.5
-15.773,23.426,64.16
7.674,27.247,52.103
6.798,27.247,50.072
8.494,-15.404,46.739
8.586,-15.457,47.159
8.642,-15.489,47.414
10.672,23.426,56.5
10.457,23.426,53.84
-4.129,58.303,55.455
-9.827,32.63,56.5
-6.851,57.716,55.723
-9.446,32.63,54.16
-6.406,57.716,56.358
-5.858,57.716,56.906
-9.731,32.63,55.312
-3.5,-16.0541,36.195
-12.75,30.347,56.5
-12.609,30.347,54.764
-7,-10.5,27.5
-15.392,27.247,56.5
-15.211,27.247,54.268
-5.257,58.303,53.5
-5.223,58.303,53.892
-3.5,-16.1254,36.3506
-5.121,58.303,54.272
-4.955,58.303,54.629
-4.729,58.303,54.951
-4.451,58.303,55.229
-6.368,-10.331,27.586
-6.346,-10.5,27.586
-6.368,-10.669,27.586
-7.446,57.716,53.5
-7.379,57.716,54.272
-8.347,32.63,52.103
-7.178,57.716,55.021
-8.98,32.63,53.08
-10.586,30.347,50.072
-11.511,30.347,51.5
-4.222,-15.311,33.673
-6.434,-10.827,27.586
-6.538,-10.962,27.586
-6.673,-11.066,27.586
-5.562,-15.866,33.673
-12.192,30.347,53.08
-6.831,-11.132,27.586
-17.457,8.883,43.84
-7,-11.154,27.586
-17.672,3.5,43.644
-13.798,27.247,50.072
-14.674,27.247,52.103
-0.777,58.303,53.108
-0.879,58.303,52.728
-1.045,58.303,52.371
-1.271,58.303,52.049
-1.549,58.303,51.771
10.457,-1.883,43.84
-1.871,58.303,51.545
-7.654,-10.5,27.586
-7.632,-10.331,27.586
8.211,-1.883,41.412
-17.457,23.426,59.16
-7.169,-11.132,27.586
-7.327,-11.066,27.586
9.817,-7.103,44.42
-16.817,23.426,61.74
-7.462,-10.962,27.586
-7.566,-10.827,27.586
-7.632,-10.669,27.586
-18.555,19,62.424
-17.375,19,65.16
-16.7882,20.1773,65.142
-16.7949,20.1317,65.1675
9.817,23.426,51.26
-2.228,58.303,51.379
-8.13,-11.153,27.841
-2.608,58.303,51.277
8.6169,-8.0994,43.5449
8.663,-8.179,43.588
8.6438,-8.1326,43.588
-3,58.303,51.243
8.6775,-8.1751,43.6425
-3.392,58.303,51.277
-3.772,58.303,51.379
12.521,19,56.5
12.278,19,53.492
11.555,19,50.576
5,-5.5,37.5
-6.347,-11.63,27.841
6.124,-6.964,37.5
2.446,30.347,48.84
-6.662,-11.761,27.841
1.125,30.347,47.84
-7,-11.805,27.841
5.316,-5.184,38.805
5.609,27.247,48.236
-0.142,57.716,50.094
4.144,27.247,46.652
6.511,-6.741,38.805
-0.777,57.716,49.649
-1.479,57.716,49.322
-7.338,-11.761,27.841
6.871,-6.533,40.088
-7.653,-11.63,27.841
-7.923,-11.423,27.841
8.773,23.426,48.84
-9.241,-18.865,42.5
10.375,19,47.84
3.536,-4.376,37.5
-11.33,-18,42.5
-9.321,-19.163,43.588
7.356,23.426,46.652
-11.484,-18.267,43.588
12.836,14.103,62.928
-4.129,58.303,51.545
-4.451,58.303,51.771
13.62,14.103,59.764
-4.729,58.303,52.049
5.609,-1.883,39.443
-4.955,58.303,52.371
-5.121,58.303,52.728
-5.223,58.303,53.108
-13.124,-16.624,42.5
-13.342,-16.842,43.588
-17.672,23.426,56.5
-6.851,57.716,51.277
-16.817,23.426,51.26
-17.457,23.426,53.84
-7.178,57.716,51.979
1.83,-3.67,37.5
-7.379,57.716,52.728
-18.555,19,50.576
2.731,-1.883,37.992
-11.619,-18.501,44.571
-4.521,57.716,49.322
-8.125,30.347,47.84
-5.223,57.716,49.649
-5.858,57.716,50.094
-9.446,30.347,48.84
-6.406,57.716,50.642
-13.533,-17.033,44.571
-11.144,27.247,46.652
-12.609,27.247,48.236
-14.356,23.426,46.652
9.2022,-15.2401,48.5721
-15.773,23.426,48.84
-7,-16.056,33.673
-17.375,19,47.84
-7.979,56.758,49.322
-7.975,-12.19,28.261
-5.424,-16.38,34.912
-18.555,14.103,47.103
-2.228,57.716,49.121
-1.145,-14.772,31.412
-3,57.716,49.054
0,-14.923,31.412
-15.211,-1.883,71.588
-2.211,-14.33,31.412
-3.772,57.716,49.121
-12.609,-1.883,73.557
-9.731,-1.883,75.008
-3.127,-13.627,31.412
-12.272,-7.456,34.912
-14.674,-7.103,70.897
-11.305,-6.195,34.912
-12.192,-7.103,72.776
-9.446,-7.103,74.16
-10.044,-5.228,34.912
-1.294,-15.33,32.5
0,-15.5,32.5
-2.5,-14.83,32.5
-8.576,-4.62,34.912
-11.662,-5.838,36.195
-0.777,56.758,47.392
-10.297,-4.79,36.195
-1.871,56.758,47.099
-8.707,-4.131,36.195
-0.67,-13,28.84
-3,56.758,47
0,-13.088,28.84
-1.294,-12.741,28.84
-1.83,-12.33,28.84
-17.457,-1.883,69.16
-0.832,-13.605,29.566
-18.555,-7.103,65.897
0,-13.714,29.566
-1.607,-13.284,29.566
-16.817,-7.103,68.58
-11.811,-7.722,33.673
-4.129,56.758,47.099
9.659,-13.088,47.5
-5.223,56.758,47.392
9.679,-12.9361,47.5
9.511,-13.2667,47.5
-6.25,56.758,47.871
0,-14.327,30.429
-0.99,-14.196,30.429
9.5927,-12.1359,46.739
-7.178,56.758,48.521
9.6303,-12.4736,47.062
-1.913,-13.814,30.429
9.6414,-12.5754,47.159
9.639,-13.083,47.414
-18.555,-7.103,47.103
9.6675,-12.8155,47.3876
9.6706,-12.843,47.414
-2.273,-12.773,29.566
-15.773,-12,67.633
-10.928,-6.572,33.673
-2.706,-13.206,30.429
-7.379,47.757,65.53
-13.798,-12,69.768
-9.778,-5.689,33.673
-3.314,-12.413,30.429
-11.511,-12,71.5
-8.98,-12,72.776
-8.438,-5.134,33.673
13.62,8.883,63.236
14.442,8.883,59.92
-7.379,43.243,65.53
13.884,3.5,63.34
-7.178,41.054,64.979
14.719,3.5,59.973
0,-12.451,28.261
-0.505,-12.384,28.261
-5.121,41.054,65.53
-0.879,41.054,65.53
-12.71,-7.203,36.195
-3.686,-12.413,30.429
13.884,14.103,56.5
-12.556,-10.5,33.673
-12.366,-9.062,33.673
13.62,14.103,53.236
9.6785,-12.9304,47.4948
-3,39,64.758
12.836,14.103,50.072
-12.366,-11.938,33.673
-1.045,39,64.587
14.719,8.883,56.5
-12.88,-8.924,34.912
14.442,8.883,53.08
-13.088,-10.5,34.912
-3,37.144,63.459
-12.88,-12.076,34.912
13.62,8.883,49.764
-1.271,37.144,63.307
15,3.5,56.5
-13.369,-8.793,36.195
8.1112,-16.2153,47.5
14.719,3.5,53.027
-13.593,-10.5,36.195
13.884,3.5,49.66
-6.851,39,64.079
-13.369,-12.207,36.195
-4.955,39,64.587
7.9874,-16.3422,47.414
8.0352,-16.2932,47.4472
-7.979,37.144,62.124
-6.406,37.144,62.858
-4.729,37.144,63.307
11.555,14.103,47.103
-8.576,-16.38,34.912
12.278,8.883,46.652
-10.044,-15.772,34.912
-11.305,-14.805,34.912
-12.272,-13.544,34.912
-4.451,35.541,61.729
8.733,-15.3478,47.932
-10.297,-16.21,36.195
8.1112,-16.0208,47.5
-11.662,-15.162,36.195
-3,35.541,61.856
-1.549,35.541,61.729
7.4439,-16.896,47.0364
7.2,-17.1431,46.867
7.6203,-16.7164,47.159
7.8072,-16.5255,47.2888
-3,34.242,60
-8.438,-15.866,33.673
-1.871,34.242,59.901
-9.778,-15.311,33.673
-0.142,35.541,61.352
-0.777,34.242,59.608
-10.928,-14.428,33.673
6.935,-17.435,46.739
-11.811,-13.278,33.673
6.9483,-17.4483,46.8127
-4.0675,34.077,59.5527
-3.9995,34.0784,59.5616
-7.178,35.541,60.737
-5.858,35.541,61.352
-4.058,34.029,59.92
-3.9362,34.0784,59.5672
-3.5,34.0788,59.6061
-12.71,-13.797,36.195
-3.5,34.029,59.973
0,-16.588,34.912
1.707,-16.869,36.195
-3,34.0692,59.6294
0,-17.093,36.195
-2.9896,34.0691,59.6285
-2.942,34.029,59.92
-1.707,-16.869,36.195
-7,-16.588,34.912
-2.8585,34.0664,59.6113
-2.4697,34.0584,59.56
-5.293,-16.869,36.195
-2.401,34.029,59.764
-7,-17.093,36.195
-9.391,-19.424,44.571
-1.9473,34.0372,59.4687
-1.9197,34.0365,59.4599
-1.894,34.029,59.508
-9.2266,-19.4843,44.7155
-8.707,-16.869,36.195
-9.4074,-19.485,44.8072
-1.7845,34.0306,59.4105
-9.7032,-19.385,44.8853
-1.7477,34.029,59.3971
1.145,-6.228,31.412
0,-6.077,31.412
2.211,-6.67,31.412
1.294,-5.67,32.5
-8.9415,-19.4832,44.571
0,-5.5,32.5
2.5,-6.17,32.5
-6.103,12.824,90.5
-6.18,13.519,90.5
-6.405,14.159,90.5
-6.758,14.69,90.5
-7.212,15.07,90.5
0.67,-8,28.84
-7.73,10.38,90.5
-7.212,10.578,90.5
-6.758,10.958,90.5
0,-7.912,28.84
-6.405,11.489,90.5
0.832,-7.395,29.566
-6.18,12.128,90.5
0,-7.286,29.566
1.607,-7.716,29.566
-7.73,15.268,90.5
0,-6.673,30.429
0.99,-6.804,30.429
-8.83,-17.33,37.5
1.913,-7.186,30.429
-10.536,-16.624,37.5
2.706,-7.794,30.429
-8.946,-17.762,38.805
-10.759,-17.011,38.805
-9.053,-18.163,40.088
-10.967,-17.371,40.088
1.294,-8.259,28.84
-14.356,-16.426,66.348
1.83,-8.67,28.84
-12.609,-16.426,68.236
2.241,-9.206,28.84
-3.7226,16.4033,81.0438
-10.586,-16.426,69.768
2.5,-9.83,28.84
-3.8104,17.1278,80.1512
-3.852,19.0571,77.3374
-8.347,-16.426,70.897
-3.7796,16.8747,80.4631
2.273,-8.227,29.566
-11.144,-20.247,66.348
2.784,-8.893,29.566
-9.446,-20.247,67.633
-3.7456,16.5935,80.8094
-3.8727,19.2171,77.0612
-3.9077,19.4884,76.5926
6.6071,-17.6867,46.739
6.7697,-17.573,46.7741
2.588,-10.5,28.84
2.306,13.75,90
2.244,14.384,90
-18.555,-12,62.424
2.064,14.976,90
1.777,15.483,90
1.403,15.873,90
2.5,-11.17,28.84
0.967,16.117,90
0.5,16.201,90
0.033,16.117,90
-17.375,-12,65.16
2.064,12.525,90
5.6158,-18.379,46.525
2.244,13.116,90
2.241,-11.794,28.84
5.5264,-18.4414,46.5057
0.033,11.383,90
0.5,11.299,90
0.967,11.383,90
1.403,11.627,90
1.777,12.017,90
5.5,-18.4666,46.5
7.201,-6.343,41.327
4.7959,-19.4715,46.652
2.784,-12.107,29.566
0.505,-8.616,28.261
0.975,-8.81,28.261
1.379,-9.121,28.261
-1.3856,33.9945,59.2237
-1.3585,33.9905,59.2078
-0.9995,33.9384,58.9964
1.13,-9.847,27.841
-0.8589,33.9234,58.8955
1.261,-10.162,27.841
-0.403,15.873,90
-0.777,15.483,90
-1.064,14.976,90
-1.244,14.384,90
-1.306,13.75,90
-1.244,13.116,90
-0.403,11.627,90
-1.064,12.525,90
-0.777,12.017,90
1.69,-9.525,28.261
7.69,-6.9475,42.0824
7.729,-6.9998,42.1373
1.884,-9.995,28.261
7.806,-7.103,42.2457
-3.6171,13.75,82.8227
-3.6203,14.4978,82.5872
1.446,45.5,65.716
0.169,-9.868,27.586
0.327,-9.934,27.586
-3.5725,13.3216,82.831
-3.5687,13.2843,82.8317
0.462,-10.038,27.586
-3.5209,12.824,82.8413
0.566,-10.173,27.586
0.338,-9.239,27.841
0.653,-9.37,27.841
5.6067,-4.8933,40.0736
-3,49.946,65.716
0.923,-9.577,27.841
5.3763,-4.7954,39.8787
5.6222,-4.9059,40.088
5.684,-4.9576,40.1456
6.1887,-5.3797,40.6162
-5.223,47.757,66.108
-3,47.757,66.303
-0.777,47.757,66.108
-7.446,45.5,65.716
-5.257,45.5,66.303
6.9506,-6.0169,41.327
7.2795,-6.2976,41.635
-3,45.5,66.5
-0.743,45.5,66.303
1.305,-10.5,27.841
1.261,-10.838,27.841
1.13,-11.153,27.841
1.951,-10.5,28.261
1.884,-11.005,28.261
-8.125,-23.347,65.16
-3.7081,15.2801,82.0777
-3.6531,14.7884,82.398
-3.6748,14.9818,82.2718
-15.773,-16.426,64.16
-5.223,43.243,66.108
-13.798,-20.247,62.928
-3,43.243,66.303
-12.609,-20.247,64.764
0.632,-10.331,27.586
-0.777,43.243,66.108
-11.511,-23.347,61.5
0.654,-10.5,27.586
-13.5,-21.223,61.5
0.632,-10.669,27.586
-10.586,-23.347,62.928
0.566,-10.827,27.586
0.462,-10.962,27.586
0.327,-11.066,27.586
0.169,-11.132,27.586
-9.446,-23.347,64.16
-3,41.054,65.716
8.479,49.946,57.678
-16.817,-16.426,61.74
0.923,-11.423,27.841
0.406,53.856,62.858
0.653,-11.63,27.841
-17.95,-15.3914,58.408
1.979,53.856,62.124
0.338,-11.761,27.841
-3.4078,11.0682,81.9302
0.851,52,64.079
1.69,-11.475,28.261
2.629,52,63.25
1.379,-11.879,28.261
-17.95,-12.3932,49.592
0.975,-12.19,28.261
-3.5232,12.2871,82.6722
-18.555,-12,50.576
-3.4801,11.8313,82.395
-3.4574,11.5909,82.2486
-18.3481,-12.5268,50.6574
-18.4426,-12.4531,50.9102
-18.731,-12.2279,51.682
-3.5,-12.5204,30.7833
-18.9484,-12.8012,53.555
2.211,-14.33,31.412
1.145,-14.772,31.412
-18.9981,-12.7713,54.0162
-18.731,-13.8558,56.318
-3.5001,-12.8563,31.1235
-3.5,-13.141,31.412
2.5,-14.83,32.5
1.294,-15.33,32.5
-18.663,-14.0538,56.5
-3.873,-13.627,31.412
-15.494,-15.404,46.739
2.273,-12.773,29.566
-15.2,-15.8397,46.867
2.706,-13.206,30.429
-3.2554,8.8538,79.3968
-3.2598,8.6477,79.0962
4.144,-20.247,46.652
-16.474,-13.038,46.739
4.2525,-20.247,46.7693
1.83,-12.33,28.84
-3.4128,10.6844,81.5769
-3.3733,10.2259,81.0311
-3.3022,9.4,80.0478
-16.577,-13.066,47.159
1.294,-12.741,28.84
0.67,-13,28.84
4.0128,-20.4865,46.8211
-16.5769,-12,46.6079
1.607,-13.284,29.566
0.832,-13.605,29.566
1.125,-23.347,47.84
3.8,-20.6713,46.867
2.267,-22.6575,47.932
1.9028,-23.347,48.4288
-16.5927,-12.1358,46.739
1.913,-13.814,30.429
-16.6415,-12.5752,47.159
0.99,-14.196,30.429
-3.2242,8.1868,78.3208
-16.6073,-12.2694,46.8662
0.567,27.247,68.58
2.446,27.247,67.633
4.8497,-4.5199,39.561
0.505,-12.384,28.261
4.144,27.247,66.348
4.213,-4.1868,39.1769
0.5,24.8584,70.1891
2.6312,-3.7116,38.2891
3.5782,-3.9141,38.805
3.759,-3.989,38.805
1.0631,24.8169,70.0536
0.3744,24.8041,70.2616
3.7766,-3.9586,38.9135
0.351,24.794,70.2751
-3.127,-7.373,31.412
-2.211,-6.67,31.412
-3.5,-25.63,63.34
-1.145,-6.228,31.412
3.216,24.6661,69.0751
2.7048,24.9155,69.1559
-2.401,-25.63,63.236
2.5921,24.9089,69.2173
2.4224,24.8988,69.3101
-1.336,-25.63,62.928
-0.336,-25.63,62.424
-2.5,-6.17,32.5
-1.294,-5.67,32.5
0,-3.4372,37.4776
0.0762,-3.439,37.5
1.8773,-3.4939,38.0318
-7.567,-25.63,61.74
1.7423,-3.4898,37.992
-6.664,-25.63,62.424
-3.5,-14,32.4042
-3.4998,-13.4327,31.7492
7.9659,-7.2951,42.5
-0.67,-8,28.84
8.315,-10.5,41.327
-1.607,-7.716,29.566
8.66,-10.5,42.5
-3.5,-14.044,32.4705
-3.5,-14.0636,32.5
-0.832,-7.395,29.566
4.9083,24.1125,68.2279
5.5332,23.426,68.2934
9.147,-12.951,45.434
4.8156,24.1425,68.2746
-2.706,-7.794,30.429
5.609,23.426,68.236
8.365,-12.741,42.5
-1.913,-7.186,30.429
-5.664,-25.63,62.928
-0.777,33.9099,58.8255
-0.3536,33.84,58.4635
-0.7847,33.9111,58.8321
-4.599,-25.63,63.236
-0.99,-6.804,30.429
7.356,23.426,66.348
-0.2151,33.8081,58.3237
-0.222,33.8097,58.3307
-4.058,-27.029,59.92
-3.5,-27.029,59.973
-2.942,-27.029,59.92
5.6331,23.3364,68.267
-3.873,-7.373,31.412
-2.401,-27.029,59.764
-5.223,34.242,59.608
-1.894,-27.029,59.508
8.3205,19.878,67.5633
8.44,19,67.9929
8.3617,19.5753,67.7114
-3.4999,-8.1437,31.1235
8.2731,19.9644,67.5596
6.9123,22.4517,67.4475
8.663,-12.821,43.588
6.8394,22.5022,67.4941
5.7121,23.2818,68.2164
8.773,19,67.633
-3.5,-7.859,31.412
-7.979,34.242,57.678
-7.178,34.242,58.479
-3.5,-7,32.4042
-6.25,34.242,59.129
-3.5,-6.956,32.4705
-1.435,-27.029,59.16
-1.039,-27.029,58.732
8.9881,16.8365,68.3175
8.9583,16.9548,68.2995
8.924,-12.891,44.571
-0.718,-27.029,58.236
-3.5,-6.9364,32.5
-0.481,-27.029,57.688
8.8227,14.103,69.655
-3.5002,-7.5673,31.7492
8.9116,15.5716,68.9363
8.031,-12.652,41.327
9.817,14.103,68.58
7.201,-14.657,41.327
-3.5001,-6.9035,32.5556
11.555,14.103,65.897
-6.519,-27.029,57.688
8.211,8.883,71.588
8.833,13.75,69.73
8.8283,13.9072,69.6967
-8.145,-6.228,31.412
-6.282,-27.029,58.236
8.5072,12.5402,70.377
10.457,8.883,69.16
-5.961,-27.029,58.732
-7,-6.077,31.412
-4.129,34.242,59.901
-5.565,-27.029,59.16
-5.106,-27.029,59.508
-5.855,-6.228,31.412
-4.599,-27.029,59.764
-4.789,-6.67,31.412
12.278,8.883,66.348
-7,-5.5,32.5
-5.706,-5.67,32.5
-4.5,-6.17,32.5
7.5,-14.83,42.5
-3.4999,-14.0965,32.5556
7.767,-14.984,43.588
4.237,52,62.124
1.178,49.946,64.979
3.108,49.946,64.079
-5.393,-7.716,29.566
7.071,-10.5,37.5
-6.01,-6.804,30.429
4.852,49.946,62.858
-5.087,-7.186,30.429
-4.294,-7.794,30.429
-5.9123,34.029,58.7846
-5.8693,34.0311,58.8095
-5.4719,34.0502,59.0401
-5.565,34.029,59.16
4.237,55.459,57.678
-5.0897,34.0601,59.2415
4.629,53.856,59.901
-4.9843,34.0647,59.28
5.624,53.856,58.479
-5.106,34.029,59.508
7.518,-10.5,38.805
-4.4892,34.0761,59.4378
7.934,-10.5,40.088
-4.9555,34.0654,59.2892
-4.599,34.029,59.764
0.25,56.758,59.129
1.178,56.758,58.479
7.5668,9.9968,71.8415
8.0078,10.8584,71.3265
1.979,56.758,57.678
1.178,55.459,60.737
6.83,-12.33,37.5
6.9971,8.883,72.5066
7.0093,8.907,72.4923
2.371,55.459,59.901
6.124,-14.036,37.5
5,-15.5,37.5
3.401,55.459,58.871
8.0897,10.9902,71.2059
8.1382,11.1697,71.1097
-7.0607,33.8295,57.3507
-6.8034,33.8931,57.7999
7.262,-12.446,38.805
3.401,53.856,61.129
6.511,-14.259,38.805
6.9233,8.7171,72.5738
5.316,-15.816,38.805
5.624,52,60.737
6.75,52,59.129
1.8318,5.1938,75.4837
2.1859,5.2118,75.38
2.3901,5.296,75.3159
2.792,5.4627,75.1897
7.579,52,57.351
-6.7156,33.9064,57.9279
7.663,-12.553,40.088
-6.7416,33.9024,57.8899
-6.5564,33.9374,58.1203
-6.3998,33.9679,58.3095
6.871,-14.467,40.088
6.358,49.946,61.352
7.579,49.946,59.608
2.827,3.5,75.294
0.5,5.1256,75.8733
0.7215,5.1372,75.8085
5.4795,6.9927,73.74
4.2868,6.109,74.3963
8.258,52,53.5
5.6103,7.1695,73.663
5.6524,7.2263,73.6383
5.75,3.5,73.821
-6.0084,34.0166,58.7107
9.03,49.946,55.621
-6.366,33.9721,58.3442
9.216,49.946,53.5
-5.9719,34.0226,58.7419
9.03,49.946,51.379
3.8791,5.8067,74.6205
4.0542,5.9367,74.5242
8.479,49.946,49.322
9.3697,-10.0643,45.2767
9.4285,-10.1916,45.434
9.469,-10.5,45.434
6.1586,7.82,73.2142
8.392,3.5,71.821
9.5672,-10.5,45.8093
9.5681,-10.6004,45.8631
9.5729,-11.1545,46.16
9.5752,-11.6495,46.4222
-15.5798,-15.4535,47.1309
-15.6203,-15.3742,47.159
-15.6387,-15.3382,47.1718
8.365,-8.259,42.5
-16.1112,-14.4107,47.5
-16.1112,-14.053,47.5
10.672,3.5,69.356
-15.9874,-14.6555,47.414
-4.789,-14.33,31.412
-5.855,-14.772,31.412
-16.0352,-14.5606,47.4473
12.521,3.5,66.5
8.969,-10.5,43.588
-7,-14.923,31.412
-17.375,-12,47.84
-8.145,-14.772,31.412
9.239,-10.5,44.571
-4.5,-14.83,32.5
9.2439,-9.7911,44.9398
-5.706,-15.33,32.5
-16.659,-13.088,47.5
-16.679,-12.9358,47.5
-16.6467,-12.6213,47.2032
9.33,-13,46.16
-7,-15.5,32.5
-16.639,-13.083,47.414
-16.6706,-12.8428,47.414
-16.6714,-12.8511,47.4217
8.201,-15.235,45.434
8.365,-15.33,46.16
-6.664,30.347,65.897
-5.106,30.347,66.348
-3.5,30.347,66.5
-16.733,-13.3802,47.932
-5.17,-12.33,28.84
-0.336,-27.029,57.103
-1.894,30.347,66.348
-5.706,-12.741,28.84
8.031,-8.348,41.327
-0.336,30.347,65.897
-4.727,-12.773,29.566
-5.393,-13.284,29.566
-7.67,-8,28.84
-4.294,-13.206,30.429
-7,-7.912,28.84
-5.9678,34.0231,58.7448
-6.33,-8,28.84
-5.087,-13.814,30.429
-7.567,27.247,68.58
-7.832,-7.395,29.566
-5.565,27.247,69.16
-6.01,-14.196,30.429
-3.5,27.247,69.356
-7,-7.286,29.566
-1.435,27.247,69.16
-6.168,-7.395,29.566
-7.99,-6.804,30.429
-7,-6.673,30.429
-6.33,-13,28.84
-7,-13.088,28.84
-0.288,-27.029,56.5
-3.9458,19.7831,76.0839
-0.336,-27.029,55.897
-7.4199,33.7111,56.5
-7.4073,33.7155,56.5346
-0.481,-27.029,55.312
-7.3307,33.7423,56.7435
-7.2215,33.7807,57.0423
-7.67,-13,28.84
-7.1495,33.8076,57.1956
-3.5,-8.4796,30.7833
-6.168,-13.605,29.566
-7,-13.714,29.566
-1.83,-8.67,28.84
-6.4865,23.426,71.4358
-6.8038,23.6591,71.1888
-7.832,-13.605,29.566
-1.294,-8.259,28.84
-5.961,23.426,71.588
-7,-14.327,30.429
-7.99,-14.196,30.429
-2.5,-9.83,28.84
-2.241,-9.206,28.84
-3.5,23.426,71.821
-3.105,-9.668,29.566
-2.784,-8.893,29.566
-16.8883,-13.3447,48.1438
-17.2459,-13.0244,48.6315
-2.273,-8.227,29.566
-6.495,-12.384,28.261
-7,-12.451,28.261
-3.314,-8.587,30.429
-7.505,-12.384,28.261
-1.1153,24.1626,71.1199
-1.4477,24.0606,71.2173
-1.5309,24.0351,71.2416
-1.6584,23.9247,71.3249
-2.232,23.426,71.701
0.406,57.716,56.358
0.851,57.716,55.723
1.178,57.716,55.021
-5.9847,23.0996,71.7332
-7.6436,33.5392,55.312
-7.6012,33.6015,55.7182
5.879,-16.379,41.327
-3.5,22.2966,72.3313
-4.0008,21.6386,72.5813
-4.6463,22.3846,72.1831
-4.8044,22.4691,72.1299
-5.6928,22.9437,71.8313
-7.5279,33.6487,56.114
-7.5373,33.6427,56.0635
8.001,-15.119,44.571
-7.6003,33.6021,55.723
-3.2749,22.6236,72.1622
-3.0867,22.7684,72.0789
-3.3892,22.4575,72.2481
6.83,-8.67,37.5
-7.0377,4.1083,76.0662
-7.0521,4.1065,76.0621
7.262,-8.554,38.805
-6.7984,4.228,76.1286
-6.7051,4.2747,76.153
1.379,57.716,54.272
-6.712,3.5,76.196
1.446,57.716,53.5
7.663,-8.447,40.088
-7.5001,33.3158,53.6624
-7.5707,33.3608,53.9596
-3.63,6.2574,76.332
-4.6199,5.4053,76.2866
-3.5,6.4537,76.3332
-2.588,-10.5,28.84
-3.5,3.5,76.5
-7.4615,33.2912,53.5
-2.241,-11.794,28.84
-7.4406,33.284,53.4376
-7.459,33.2903,53.4925
1.379,57.716,52.728
-2.5,-11.17,28.84
1.178,57.716,51.979
0.851,57.716,51.277
-5.2172,4.8911,76.259
-5.0039,5.0747,76.2689
-7.6259,33.401,54.3156
-7.6063,33.3867,54.1893
0.406,57.716,50.642
-3.214,-10.5,29.566
-7.638,33.4294,54.5051
-7.6609,33.4832,54.8626
-2.784,-12.107,29.566
-1.7152,5.8919,76.196
-1.1209,5.5408,76.1596
-0.8951,5.4921,76.141
-0.3046,5.3653,76.0924
-3.105,-11.332,29.566
-2.6165,6.4239,76.2513
-2.4049,6.2993,76.2383
-7.6598,33.4916,54.936
-3.1295,6.9678,76.2691
-7.6559,33.5212,55.1948
-3.4611,6.5078,76.3265
-0.288,3.5,76.196
4.852,55.459,56.358
5.229,55.459,54.951
-7.979,34.242,49.322
5.356,55.459,53.5
6.358,53.856,56.906
6.807,53.856,55.229
6.959,53.856,53.5
0.25,34.242,59.129
5.61,-16.11,40.088
1.178,34.242,58.479
1.979,34.242,57.678
2.629,34.242,56.75
3.108,34.242,55.723
-0.142,33.284,50.094
-0.777,33.284,49.649
-10.127,-7.373,31.412
-9.211,-6.67,31.412
-1.479,33.284,49.322
8.8518,-8.6686,44.0402
9.0845,-9.3274,44.571
-0.0919,32.9921,51.8211
-11.33,-8,32.5
-0.2432,32.9813,51.6751
-0.5138,32.9621,51.4137
-10.536,-6.964,32.5
-0.595,32.9597,51.3451
-0.6997,32.9566,51.2567
-9.5,-6.17,32.5
-12.5672,-22.3118,61.2986
-11.8,-23.2073,61.133
-8.294,-5.67,32.5
-3.5,-27.5,56.5
-11.6993,-23.347,61.0631
6.696,-17.196,45.434
-8.607,-7.716,29.566
6.83,-17.33,46.16
-9.706,-7.794,30.429
-17.4642,-16.426,59.0706
-17.457,-16.426,59.16
-8.913,-7.186,30.429
-17.4058,-16.513,59.1502
-17.3495,-16.5736,59.2271
-16.733,-17.2362,60.068
-15.2267,-19.2615,61.1144
-15.2,-19.29,61.133
-11.272,-9.355,31.412
4.735,-18.701,45.434
-11.423,-10.5,31.412
-10.83,-8.289,31.412
4.8256,-18.8573,46.1261
-14.5078,-20.247,61.2824
4.8637,-18.8349,46.1469
4.8877,-18.8207,46.16
4.6678,-18.8809,45.977
-11.272,-11.645,31.412
-9.05,-23.9523,49.592
-9.314,-23.6212,49.2319
-11.83,-9.206,32.5
3.6868,-19.1352,45.434
3.2811,-19.2382,45.2078
-12,-10.5,32.5
3.1721,-19.2658,45.147
4.0744,-19.0347,45.6486
-11.83,-11.794,32.5
2.446,-20.247,45.367
-8.125,-23.347,47.84
-11.144,-20.247,46.652
4.157,-17.701,41.327
6.124,-16.624,42.5
-9.446,-23.347,48.84
-9.5,-9.83,28.84
-9.5327,-23.347,48.9337
4.33,-18,42.5
-10.267,-21.9636,47.932
-9.241,-9.206,28.84
6.342,-16.842,43.588
-8.83,-8.67,28.84
4.484,-18.267,43.588
-8.294,-8.259,28.84
-11.5217,-20.247,47.0604
-11.8,-19.703,46.867
6.533,-17.033,44.571
-10.105,-9.668,29.566
-11.0206,-20.9327,47.4085
-9.784,-8.893,29.566
4.619,-18.501,44.571
-9.273,-8.227,29.566
-12.609,-18.3925,46.5508
-12.796,-18.2814,46.652
-13.2569,-17.8957,46.5525
2.152,-18.531,41.327
-12.609,-18.5482,46.6924
2.241,-18.865,42.5
-0.718,-27.029,54.764
-1.039,-27.029,54.268
2.629,56.758,56.75
-1.435,-27.029,53.84
3.108,56.758,55.723
-1.894,-27.029,53.492
-13.9076,-17.4076,46.588
3.401,56.758,54.629
-14.6071,-16.5594,46.739
3.5,56.758,53.5
-6.664,-27.029,57.103
-6.712,-27.029,56.5
2.321,-19.163,43.588
8.087,52,55.455
-6.519,-27.029,55.312
-8.347,-25.63,60.897
-6.664,-27.029,55.897
5.229,55.459,52.049
-8.98,-25.63,59.92
-10.267,-24.6699,60.068
4.852,55.459,50.642
4.237,55.459,49.322
6.807,53.856,51.771
6.358,53.856,50.094
-5.106,-27.029,53.492
-5.565,-27.029,53.84
-10.696,-9.51,30.429
-5.961,-27.029,54.268
-10.314,-8.587,30.429
-6.282,-27.029,54.764
-8,-26.1926,54
-9.588,-10.5,28.84
2.391,-19.424,44.571
-9.241,-11.794,28.84
-9.5,-11.17,28.84
-0.336,-25.63,50.576
-1.336,-25.63,50.072
-0.9671,32.9398,51.0774
2.7032,-19.3849,44.8853
-1.4429,32.9267,50.8031
-2.401,-25.63,49.764
-10.214,-10.5,29.566
-1.1726,32.9341,50.9589
-9.784,-12.107,29.566
-1.4544,32.9268,50.7975
-1.5624,32.9274,50.7446
-10.105,-11.332,29.566
-3.5,-25.63,49.66
-10.827,-10.5,30.429
-2.401,-27.029,53.236
-4.521,33.284,49.322
-2.942,-27.029,53.08
-5.223,33.284,49.649
1.9412,-19.4833,44.571
1.1755,-19.4768,44.1805
1.0605,-19.4758,44.1218
-3.5,-27.029,53.027
-10.696,-11.49,30.429
0.725,-19.473,43.9507
2.4074,-19.485,44.8072
-4.058,-27.029,53.08
2.1284,-19.4839,44.6658
0.567,-20.247,44.42
-4.599,-25.63,49.764
-5.664,-25.63,50.072
-8.261,-10.162,27.841
-6.664,-25.63,50.576
-8.884,-9.995,28.261
-8.69,-9.525,28.261
-7.567,-25.63,51.26
-8.379,-9.121,28.261
-4.599,-27.029,53.236
-10.1585,-24.7924,59.92
-9.4166,-25.63,58.9081
-9.3346,-25.6833,58.7961
-9.05,-25.849,58.408
-9.3538,-25.6708,58.8224
-8.305,-10.5,27.841
-8.261,-10.838,27.841
-0.336,-23.347,47.103
-8.951,-10.5,28.261
3.536,-16.624,37.5
-8.708,-26.0966,57.4929
-1.894,-23.347,46.652
-8.7809,-26.0438,57.688
1.83,-17.33,37.5
-8.379,-11.879,28.261
-8.69,-11.475,28.261
3.759,-17.011,38.805
-5.106,-23.347,46.652
-8.884,-11.005,28.261
-6.664,-23.347,47.103
1.946,-17.762,38.805
3.967,-17.371,40.088
2.053,-18.163,40.088
3.401,56.758,52.371
3.108,56.758,51.277
2.629,56.758,50.25
-2.4644,32.9188,50.4624
-2.401,32.9186,50.4802
1.979,56.758,49.322
-2.5133,32.9204,50.4523
-0.336,-1.883,37.103
-5.858,33.284,50.094
8.087,52,51.545
7.579,52,49.649
-8.4361,-26.2452,56.7652
-8.337,-26.2992,56.5
-8.269,-26.3231,56.318
-10.237,52,62.124
-8.1864,-26.3345,55.6066
5.624,53.856,48.521
-8.629,52,63.25
4.629,53.856,47.099
-8.0809,-26.2825,54.6973
-10.852,49.946,62.858
-8.115,-26.2993,54.991
-9.108,49.946,64.079
-8.2212,-26.3296,55.9061
1.178,56.758,48.521
0.25,56.758,47.871
3.401,55.459,48.129
-10.237,55.459,57.678
2.371,55.459,47.099
-9.401,55.459,58.871
-8.371,55.459,59.901
-8.0386,-26.1182,53.6676
-11.624,53.856,58.479
-8.004,-26.1848,53.9651
-10.629,53.856,59.901
6.75,52,47.871
-9.401,53.856,61.129
-3.5,-1.883,36.804
-8.2343,-25.63,51.9812
-8.269,-25.4573,51.682
7.579,49.946,47.392
-8.2052,-25.7131,52.2317
-8.1978,-25.7311,52.2952
-13.579,52,57.351
9.03,47.757,57.879
-12.75,52,59.129
8.258,45.5,60
9.216,45.5,57.946
-11.624,52,60.737
-14.479,49.946,57.678
9.03,43.243,57.879
-13.579,49.946,59.608
-12.358,49.946,61.352
8.479,41.054,57.678
-6.664,-1.883,37.103
-9.211,-14.33,31.412
-0.0436,-3.4469,37.4667
-0.3815,-3.5223,37.3822
-10.127,-13.627,31.412
-2.0775,-3.8589,37.2799
-1.8098,-3.7457,37.2856
-10.83,-12.711,31.412
-1.429,-3.6862,37.3113
-3.4901,-4.4555,37.2495
-8.294,-15.33,32.5
-9.5,-14.83,32.5
-3.5,-4.4629,37.2498
-10.536,-14.036,32.5
-3.5,-4.4629,37.2498
-11.33,-13,32.5
1.379,47.757,65.53
-9.5,56.758,53.5
-9.401,56.758,54.629
3.401,47.757,64.587
-9.108,56.758,55.723
-3.8062,-4.3302,37.2559
-3.5099,-4.4555,37.2495
5.229,47.757,63.307
-8.629,56.758,56.75
-6.6185,-3.5224,37.3822
-5.4461,-3.7058,37.3031
-5.1902,-3.7457,37.2858
6.807,47.757,61.729
-4.6976,-3.9537,37.2753
-11.229,55.459,54.951
3.5,45.5,64.758
-11.356,55.459,53.5
5.356,45.5,63.459
-10.852,55.459,56.358
6.959,45.5,61.856
-1.6653,32.9247,50.708
-1.9472,32.9171,50.6077
-7.5002,-3.452,37.6251
-2.1832,32.9179,50.5414
-7,-3.4372,37.4775
-7.0212,-3.4377,37.4838
-7.0764,-3.4391,37.5
-12,-5.5,37.5
-12.959,53.856,53.5
-12.807,53.856,55.229
-10.536,-4.376,37.5
-2.7059,32.9206,50.4346
-3,32.921,50.4077
-8.294,-12.741,28.84
-12.358,53.856,56.906
-3.2377,32.928,50.4021
-3.3795,32.9322,50.3988
-3.5,32.9358,50.3959
-8.83,-3.67,37.5
-8.83,-12.33,28.84
-8.607,-13.284,29.566
-6.406,33.284,50.642
-9.273,-12.773,29.566
-14.087,52,55.455
-14.258,52,53.5
-8.913,-13.814,30.429
-13.124,-6.964,37.5
-9.706,-13.206,30.429
-10.314,-12.413,30.429
-13.511,-6.741,38.805
-15.216,49.946,53.5
-15.03,49.946,55.621
-12.316,-5.184,38.805
-8.629,56.758,50.25
-9.108,56.758,51.277
1.379,43.243,65.53
3.401,43.243,64.587
-9.401,56.758,52.371
-6.851,33.284,51.277
5.229,43.243,63.307
-9.731,-1.883,37.992
-10.237,55.459,49.322
6.807,43.243,61.729
-10.852,55.459,50.642
1.178,41.054,64.979
3.108,41.054,64.079
-11.229,55.459,52.049
4.852,41.054,62.858
-12.358,53.856,50.094
-13.871,-6.533,40.088
-12.807,53.856,51.771
8.087,47.757,59.901
-4.3361,32.9647,50.5446
-4.4667,32.9721,50.5749
8.087,43.243,59.901
-12.609,-1.883,39.443
-13.579,52,49.649
6.358,41.054,61.352
-14.087,52,51.545
7.579,41.054,59.608
-14.479,49.946,49.322
-15.03,49.946,51.379
1.178,55.459,46.263
-3.5465,32.9357,50.4002
-3.772,32.942,50.4366
-4.0961,32.951,50.4889
-4.3066,32.963,50.5377
3.401,53.856,45.871
-8.371,55.459,47.099
-9.401,55.459,48.129
-10.629,53.856,47.099
-15.211,-1.883,41.412
-11.624,53.856,48.521
-7.178,33.284,51.979
-12.75,52,47.871
-13.579,49.946,47.392
0.851,39,64.079
2.629,39,63.25
-8.8773,-3.494,38.0317
-9.5913,-3.6998,38.2754
4.237,39,62.124
-9.6312,-3.7114,38.289
-8.3165,-3.477,37.8662
-4.6509,32.9771,50.6404
0.406,37.144,62.858
-4.8334,32.9878,50.7198
-5.1994,33.0092,50.879
-5.2259,33.0117,50.8926
-5.3638,33.0244,50.9639
5.624,52,46.263
-12.807,47.757,61.729
-11.229,47.757,63.307
-10.759,-3.989,38.805
-9.401,47.757,64.587
6.358,49.946,45.648
-11.6487,-4.4148,39.4396
-10.7766,-3.9586,38.9133
-12.959,45.5,61.856
1.979,53.856,44.876
-11.356,45.5,63.459
-10.7017,-3.9419,38.8723
-9.5,45.5,64.758
1.979,37.144,62.124
-12.3763,-4.7954,39.8787
-12.807,43.243,61.729
5.624,39,60.737
-11.229,43.243,63.307
6.75,39,59.129
-9.401,43.243,64.587
-6.0067,33.0753,51.4228
-6.1517,33.09,51.5348
7.579,39,57.351
-10.852,41.054,62.858
3.401,37.144,61.129
4.629,37.144,59.901
-9.108,41.054,64.079
5.624,37.144,58.479
-10.5785,-3.9142,38.805
-10.683,-3.9377,38.8621
-15.03,47.757,57.879
-5.7299,33.0474,51.2092
-5.8514,33.0596,51.3029
1.178,35.541,60.737
-14.201,-6.343,41.327
-14.087,47.757,59.901
0.406,53.856,44.142
-13.9505,-6.0166,41.327
4.237,52,44.876
2.629,52,43.75
-14.69,-6.9476,42.0824
-14.6893,-6.9466,42.0817
2.371,35.541,59.901
-15.216,45.5,57.946
-14.4826,-6.6191,41.8564
-14.2796,-6.2976,41.6352
-14.0852,-6.1315,41.4531
3.401,35.541,58.871
-14.258,45.5,60
4.237,35.541,57.678
-12.6067,-4.8933,40.0737
-12.6148,-4.8998,40.0812
-12.6221,-4.9058,40.088
-13.3371,-5.5039,40.7549
-7.379,33.284,52.728
-15.03,43.243,57.879
-14.087,43.243,59.901
0.851,52,42.921
-14.479,41.054,57.678
-13.579,41.054,59.608
-12.358,41.054,61.352
-6.6597,33.1458,52.0828
-6.7175,33.1526,52.1467
-6.7709,33.1618,52.2141
-6.7991,33.1666,52.2496
9.608,47.757,55.723
9.803,47.757,53.5
4.852,49.946,44.142
9.803,45.5,55.757
3.108,49.946,42.921
10,45.5,53.5
1.178,49.946,42.021
-6.2461,33.0967,51.626
9.608,43.243,55.723
-6.3276,33.1064,51.716
9.803,43.243,53.5
6.807,47.757,45.271
9.03,41.054,55.621
6.959,45.5,45.144
9.216,41.054,53.5
6.807,43.243,45.271
6.358,41.054,45.648
-7.1655,33.2241,52.8407
-7.287,33.2515,53.0648
5.229,47.757,43.693
3.401,47.757,42.413
1.379,47.757,41.47
5.356,45.5,43.541
3.5,45.5,42.242
1.446,45.5,41.284
9.608,47.757,51.277
-7.1284,33.2158,52.7722
-7.1497,33.2206,52.8114
5.229,43.243,43.693
-14.8059,-7.103,42.2456
3.401,43.243,42.413
9.803,45.5,51.243
1.379,43.243,41.47
9.608,43.243,51.277
4.852,41.054,44.142
3.108,41.054,42.921
9.03,41.054,51.379
1.178,41.054,42.021
8.479,41.054,49.322
-15.663,-8.179,43.588
-0.777,34.242,47.392
-15.6438,-8.1327,43.588
-15.653,-8.1443,43.6029
-15.6774,-8.1751,43.6424
-2.228,33.284,49.121
8.258,39,53.5
-14.9659,-7.2951,42.5
-3,33.284,49.054
-15.1779,-7.5573,42.8404
-3.772,33.284,49.121
5.624,39,46.263
8.087,39,55.455
6.358,37.144,56.906
3.401,37.144,45.871
6.807,37.144,55.229
-1.871,34.242,47.099
-3,34.242,47
6.959,37.144,53.5
1.178,35.541,46.263
-4.129,34.242,47.099
4.237,39,44.876
2.629,39,43.75
-5.223,34.242,47.392
4.852,35.541,56.358
0.851,39,42.921
-6.25,34.242,47.871
5.229,35.541,54.951
5.356,35.541,53.5
-7.178,34.242,48.521
1.979,37.144,44.876
0.406,37.144,44.142
-15.315,-10.5,41.327
-12.879,-16.379,41.327
-3.5,32.63,63.34
-14.201,-14.657,41.327
-2.401,32.63,63.236
-0.142,55.459,45.648
-15.031,-12.652,41.327
-1.336,32.63,62.928
-1.549,55.459,45.271
-14.5,-14.83,42.5
8.087,39,51.545
-0.336,32.63,62.424
-3,55.459,45.144
7.579,39,49.649
6.807,37.144,51.771
6.358,37.144,50.094
-14.071,-10.5,37.5
-13.83,-8.67,37.5
-7.567,32.63,61.74
-4.451,55.459,45.271
-6.664,32.63,62.424
-14.262,-8.554,38.805
-5.858,55.459,45.648
5.229,35.541,52.049
-5.664,32.63,62.928
-7.178,55.459,46.263
4.852,35.541,50.642
-4.599,32.63,63.236
-14.934,-10.5,40.088
4.237,35.541,49.322
-0.336,32.63,50.576
-1.336,32.63,50.072
-1.271,53.856,43.693
-2.401,32.63,49.764
-3,53.856,43.541
-3.5,32.63,49.66
-4.729,53.856,43.693
9.03,47.757,49.121
-6.406,53.856,44.142
-4.599,32.63,49.764
-5.664,32.63,50.072
-7.979,53.856,44.876
-6.664,32.63,50.576
-7.567,32.63,51.26
-0.336,30.347,47.103
-1.894,30.347,46.652
-1.045,52,42.413
-5.106,30.347,46.652
-3,52,42.242
-4.955,52,42.413
-6.664,30.347,47.103
-6.851,52,42.921
-0.879,49.946,41.47
-3,49.946,41.284
-5.121,49.946,41.47
-7.178,49.946,42.021
8.211,-1.883,71.588
10.457,-1.883,69.16
12.278,-1.883,66.348
9.817,-7.103,68.58
11.555,-7.103,65.897
2.731,-1.883,75.008
-9.401,53.856,45.871
5.609,-1.883,73.557
-11.624,52,46.263
-12.358,49.946,45.648
2.446,-7.103,74.16
5.192,-7.103,72.776
-8.629,52,43.75
-10.237,52,44.876
-9.108,49.946,42.921
-10.852,49.946,44.142
-7.379,47.757,41.47
-7.446,45.5,41.284
-7.379,43.243,41.47
-0.879,41.054,41.47
-3,41.054,41.284
-5.121,41.054,41.47
-7.178,41.054,42.021
-0.777,47.757,40.892
-3,47.757,40.698
-5.223,47.757,40.892
-0.743,45.5,40.698
-3,45.5,40.5
-5.257,45.5,40.698
-0.777,43.243,40.892
-3,43.243,40.698
-5.223,43.243,40.892
-12.807,47.757,45.271
-12.959,45.5,45.144
-12.807,43.243,45.271
-12.358,41.054,45.648
-9.401,47.757,42.413
-11.229,47.757,43.693
-9.5,45.5,42.242
-11.356,45.5,43.541
-9.401,43.243,42.413
-11.229,43.243,43.693
-9.108,41.054,42.921
-10.852,41.054,44.142
-0.142,35.541,45.648
-1.549,35.541,45.271
-3,35.541,45.144
-4.451,35.541,45.271
-5.858,35.541,45.648
-7.178,35.541,46.263