29.564064025878906,0.87187373638153076,-6.9870433807373047
29.448938369750977,0,-5.3420820236206055
29.450323104858398,0,-2.7295887470245361
29.064228057861328,1.8715424537658691,-7.1659274101257324
28.462408065795898,3.0751821994781494,-5.7383980751037598
28.840248107910156,2.3195047378540039,-2.3239128589630127
27.948205947875977,1.8675192594528198,-7.4519014358520508
27.963556289672852,1.8368202447891235,-2.114469051361084
27.625627517700195,4.7487444877624512,-7.6613588333129883
27.309074401855469,5.3818507194519043,-5.0086255073547363
27.007747650146484,5.9845051765441895,-2.9985268115997314
26.839645385742188,4.0846400260925293,-7.8190631866455078
26.80291748046875,4.1580967903137207,-4.9483256340026855
26.882408142089844,3.9991164207458496,-2.4912083148956299
26.024257659912109,7.9514856338500977,-8.0530910491943359
26.056121826171875,7.8877582550048828,-4.7602448463439941
26.137149810791016,7.7256999015808105,-2.2235162258148193
26.023445129394531,5.7170414924621582,-6.9703459739685059
26.193614959716797,5.3767027854919434,-4.7457857131958008
25.605659484863281,6.5526142120361328,-2.2876572608947754
24.452564239501953,6.6690611839294434,-7.6644630432128906
23.955226898193359,5.6743841171264648,-5.4106521606445313
24.086618423461914,5.9371695518493652,-2.0335526466369629
23.519815444946289,7.0396318435668945,-7.2467222213745117
23.817605972290039,7.6352114677429199,-5.0572447776794434
23.511775970458984,7.023552417755127,-2.4666154384613037
23.272687911987305,4.3093066215515137,-7.6656351089477539
23.292560577392578,4.3490538597106934,-3.1753945350646973
22.593828201293945,5.1876559257507324,-7.7472343444824219
22.719501495361328,5.4390029907226563,-4.507725715637207
22.339654922485352,4.6793112754821777,-2.2210013866424561
22.234706878662109,2.233344554901123,-7.5993804931640625
22.148954391479492,2.061840295791626,-5.303779125213623
21.986480712890625,1.7368921041488647,-2.023798942565918
21.044145584106445,2.0882916450500488,-4.8738994598388672
20.545539855957031,1.0910793542861938,-8.1899576187133789
20.556798934936523,0,-5.4626507759094238
20.562553405761719,0,-2.8164150714874268
23.428115844726563,6.8562312126159668,-5.9713344573974609
29.029012680053711,1.9419729709625244,-1.0548163652420044
23.980987548828125,7.9619760513305664,-1.4077014923095703
25.518775939941406,8.9624500274658203,-8.92828369140625
25.522394180297852,8.9552125930786133,-4.1014909744262695
21.962285995483398,1.6885018348693848,-6.5143275260925293
25.683286666870117,6.3973579406738281,-8.0811710357666016
24.617507934570313,6.9989471435546875,-3.7074542045593262
27.232574462890625,3.2987821102142334,-3.8152637481689453
21.612768173217773,0.98946809768676758,-1.2606209516525269
23.582916259765625,4.9297661781311035,-2.0657615661621094
23.493331909179688,4.7505955696105957,-8.8463134765625
20.495584487915039,0,-1.315462589263916
29.399555206298828,0,-6.391106128692627
20.557292938232422,0,-6.6700830459594727
29.452669143676758,0,-4.0553526878356934
20.565608978271484,0,-4.1724944114685059
25.401699066162109,9.1966009140014648,-0.90540295839309692
22.027788162231445,4.0555758476257324,-5.9729127883911133
27.863883972167969,4.2722330093383789,-4.1235752105712891
28.204013824462891,3.5919723510742188,-7.8462586402893066
23.333257675170898,6.6665143966674805,-1.2211198806762695
20.93408203125,1.8681626319885254,-1.0206727981567383
27.508256912231445,2.7474174499511719,-6.5762367248535156
21.75297737121582,1.2698867321014404,-4.1490440368652344
22.4798583984375,2.723646879196167,-6.4401473999023438
25.376710891723633,7.0105094909667969,-5.9608683586120605
24.5634765625,6.8908843994140625,-8.9153022766113281
28.320343017578125,1.1232452392578125,-3.952040433883667
21.502353668212891,0.76863908767700195,-8.7985353469848633
29.509492874145508,0,-1.3047488927841187
26.33296012878418,6.2477641105651855,-10
23.097543716430664,6.1950874328613281,-3.5095431804656982
22.162752151489258,4.3255033493041992,-8.7060098648071289
27.806241989135742,4.3875164985656738,-1.3069863319396973
24.498565673828125,6.7610635757446289,-6.1645288467407227
28.375629425048828,1.0126737356185913,-6.5825943946838379
25.429853439331055,6.9042258262634277,-3.4653892517089844
20.557058334350586,1.1141173839569092,-5.5393509864807129
28.352293014526367,1.0593440532684326,-1.2458219528198242
27.176034927368164,3.4118611812591553,-1.2229893207550049
28.788887023925781,2.4222249984741211,-8.0056982040405273
26.522100448608398,6.9557981491088867,-1.0799208879470825
26.663162231445313,6.6736750602722168,-5.073148250579834
22.488260269165039,2.7404525279998779,-8.6156272888183594
20.541706085205078,0,-9.0800161361694336
21.719532012939453,1.2029939889907837,-7.7010107040405273
21.615524291992188,0.99498093128204346,-2.7097539901733398
25.473392486572266,6.8171453475952148,-7.0824089050292969
27.355056762695313,3.0538167953491211,-5.3170351982116699
25.626617431640625,8.7467641830444336,-2.9770126342773438
27.901752471923828,4.1964960098266602,-5.3960261344909668
25.476102828979492,9.0477924346923828,-7.7166671752929688
24.389286041259766,6.5425024032592773,-2.7855374813079834
22.825485229492188,5.6509695053100586,-8.8819065093994141
20.565078735351563,1.1301556825637817,-2.969672679901123
26.534542083740234,6.9309144020080566,-3.1124005317687988
29.001747131347656,1.9965052604675293,-6.1171956062316895
24.538572311401367,9.0771427154541016,-3.7137105464935303
26.874385833740234,6.2512292861938477,-6.1830081939697266
24.521139144897461,9.0422782897949219,-7.9676423072814941
26.571172714233398,4.6215877532958984,-3.6582393646240234
23.594211578369141,4.9523534774780273,-4.2710208892822266
22.48243522644043,2.7288010120391846,-2.0820789337158203
27.175992965698242,3.4119462966918945,-8.8758573532104492
21.571266174316406,3.1425330638885498,-6.7172775268554688
28.452692031860352,3.0946154594421387,-1.1362144947052002
21.495492935180664,2.990985631942749,-1.0974941253662109
27.769933700561523,2.224062442779541,-1.1253103017807007
24.066183090209961,5.896298885345459,-8.8275423049926758
28.370750427246094,1.0224313735961914,-2.6284115314483643
22.732795715332031,3.229522705078125,-5.3324408531188965
24.520181655883789,6.8042964935302734,-4.8802194595336914
28.021648406982422,3.9567046165466309,-6.646064281463623
28.475116729736328,0.81369662284851074,-7.8716549873352051
25.559558868408203,6.6448144912719727,-4.7155747413635254
29.415964126586914,1.1680716276168823,-7.9895429611206055
22.037107467651367,1.8381468057632446,-8.8376293182373047
26.978481292724609,3.8069703578948975,-6.4234523773193359
20.547653198242188,1.0953054428100586,-4.2398200035095215
20.936290740966797,1.8725830316543579,-8.9081392288208008
23.57661247253418,4.9171557426452637,-6.5246515274047852
29.498123168945313,1.0037529468536377,-6.7120776176452637
21.112689971923828,2.2253780364990234,-7.6191587448120117
26.592966079711914,4.5779991149902344,-8.9580068588256836
26.92149543762207,6.157010555267334,-4.0522522926330566
23.946054458618164,5.6560425758361816,-1.0290151834487915
27.741855621337891,2.280219554901123,-8.8006362915039063
23.96489143371582,7.9297833442687988,-6.2852516174316406
22.102397918701172,4.2047948837280273,-4.5720643997192383
26.409767150878906,4.9443964958190918,-5.9364924430847168
28.331958770751953,1.1000127792358398,-5.2509579658508301
26.248241424560547,7.5035181045532227,-5.9309830665588379
25.931331634521484,8.1373367309570313,-1.0532819032669067
24.091157913208008,8.1823158264160156,-8.8915309906005859
21.108734130859375,2.2174668312072754,-2.2349224090576172
23.011375427246094,3.7866842746734619,-4.2661166191101074
28.363317489624023,3.2733635902404785,-3.2724957466125488
20.438901901245117,0.87780505418777466,-0.79688656330108643
23.271541595458984,6.5430841445922852,-4.7371225357055664
20.428186416625977,0.85637128353118896,-9.1210002899169922
29.5418701171875,0.91625964641571045,-0.81435680389404297
26.610275268554688,6.7794475555419922,-8.6233243942260742
22.094200134277344,4.1884002685546875,-7.2942962646484375
22.523124694824219,5.0462493896484375,-3.4043660163879395
29.396522521972656,1.2069530487060547,-3.0115392208099365
26.276454925537109,5.2110223770141602,-7.9954910278320313
27.448432922363281,2.8670661449432373,-2.3866462707519531
26.037631988525391,7.9247355461120605,-3.5287926197052002
24.431045532226563,8.8620920181274414,-5.2179765701293945
21.623842239379883,1.011614203453064,-5.5029911994934082
27.45355224609375,5.0928936004638672,-6.3769645690917969
25.949256896972656,5.8654170036315918,-3.5394768714904785
27.893959045410156,1.97601318359375,-5.95794677734375
27.357965469360352,5.2840700149536133,-2.2412965297698975
21.030344009399414,2.0606894493103027,-3.5896182060241699
23.013668060302734,6.0273346900939941,-6.8354730606079102
20.563266754150391,1.1265333890914917,-6.8465576171875
22.751129150390625,3.2661898136138916,-7.5806546211242676
25.850183486938477,6.0635666847229004,-5.8551106452941895
24.135288238525391,6.0345072746276855,-4.074671745300293
27.405439376831055,5.1891217231750488,-3.5851287841796875
22.756097793579102,3.2761268615722656,-1.0267319679260254
20.550981521606445,1.1019612550735474,-1.8292113542556763
26.592361450195313,4.5792107582092285,-1.2459245920181274
22.441045761108398,4.8820905685424805,-5.4187355041503906
24.552200317382813,9.104400634765625,-1.0424041748046875
27.038906097412109,5.922187328338623,-7.4865999221801758
29.470726013183594,1.0585479736328125,-5.4850239753723145
23.631452560424805,7.2629051208496094,-3.7770571708679199
21.750053405761719,3.5001082420349121,-2.1367442607879639
26.439512252807617,7.1209759712219238,-4.1266331672668457
21.512809753417969,3.0256190299987793,-8.8528938293457031
27.374763488769531,3.0144031047821045,-7.6739978790283203
23.327007293701172,4.4179472923278809,-5.3723649978637695
28.263156890869141,3.4736855030059814,-2.1350212097167969
20.526971817016602,1.05394446849823,-8.0341787338256836
24.606224060058594,9.2124481201171875,-9.1045284271240234
25.392072677612305,9.2158546447753906,-6.5817928314208984
23.031597137451172,3.8271276950836182,-2.0878350734710693
22.167556762695313,2.0990431308746338,-1.0218610763549805
24.069585800170898,5.9031028747558594,-6.6850347518920898
27.836057662963867,2.0918166637420654,-3.2988677024841309
28.900049209594727,2.1999008655548096,-3.6924242973327637
24.480720520019531,8.9614400863647461,-6.661405086517334
24.513181686401367,9.0263652801513672,-2.2923588752746582
26.267303466796875,5.2293238639831543,-2.4130070209503174
27.15764045715332,5.6847176551818848,-1.1027067899703979
26.520959854125977,4.7220120429992676,-7.0053267478942871
22.727388381958008,3.2187080383300781,-3.1769332885742188
25.882246017456055,8.235508918762207,-6.8020954132080078
22.101419448852539,4.2028398513793945,-1.0986150503158569
27.854166030883789,4.2916688919067383,-8.8607549667358398
22.926280975341797,5.8525600433349609,-2.3099145889282227
21.475112915039063,2.9502253532409668,-3.0676262378692627
23.099899291992188,6.1997971534729004,-7.9258837699890137
29.468893051147461,0,-7.8815822601318359
22.711414337158203,5.4228286743164063,-1.1442453861236572
24.002883911132813,8.0057668685913086,-7.6347556114196777
21.06224250793457,2.1244847774505615,-6.1918869018554688
22.509195327758789,5.0183916091918945,-6.5240182876586914
23.027070999145508,3.8180732727050781,-6.4695429801940918
23.837305068969727,5.4385418891906738,-3.1087377071380615
29.419244766235352,1.1615097522735596,-1.8687770366668701
24.044975280761719,8.0899496078491211,-2.8902890682220459
28.946182250976563,2.1076347827911377,-4.9440088272094727
26.773946762084961,6.4521059989929199,-2.0703988075256348
26.00578498840332,5.7523617744445801,-1.2017645835876465
27.81242561340332,2.1390810012817383,-4.5769343376159668
25.511526107788086,8.9769487380981445,-2.0027692317962646
25.582424163818359,8.8351526260375977,-5.4841823577880859
21.541133880615234,3.082268238067627,-4.1758947372436523
28.448944091796875,3.1021106243133545,-8.9574356079101563
26.056276321411133,7.8874468803405762,-9.1089277267456055
27.841564178466797,4.3168730735778809,-2.7591257095336914
21.686943054199219,3.3738844394683838,-7.8679251670837402
29.431734085083008,1.136533260345459,-4.2416443824768066
28.568611145019531,2.8627781867980957,-6.9103846549987793
21.507999420166016,0.77992868423461914,-6.703641414642334
23.827934265136719,5.4198012351989746,-7.7222814559936523
26.460996627807617,7.0780067443847656,-7.2048540115356445
23.49549674987793,6.9909944534301758,-8.6866836547851563
22.912326812744141,5.8246536254882813,-5.6615900993347168
26.007326126098633,5.7492785453796387,-8.998723030090332
24.106056213378906,8.2121133804321289,-4.1556911468505859
27.256322860717773,5.4873547554016113,-8.7421045303344727
21.974525451660156,3.9490523338317871,-3.2859189510345459
22.939319610595703,3.6425697803497314,-8.8230476379394531
23.347103118896484,4.4581384658813477,-1.0207844972610474
28.402004241943359,3.1959900856018066,-4.5239248275756836
22.401262283325195,2.5664563179016113,-4.2271442413330078
21.559806823730469,3.1196134090423584,-5.4086556434631348
29.46025276184082,0,-9.0758514404296875
29.044164657592773,1.9116702079772949,-9.0034599304199219
25.463096618652344,6.8377385139465332,-9.0496273040771484
25.494222640991211,6.7754864692687988,-1.0506000518798828
22.148921966552734,2.0617740154266357,-3.1269922256469727
29.554851531982422,0.89029693603515625,-9.1159248352050781
28.184700012207031,1.39453125,-8.695892333984375
24.541139602661133,6.8462100028991699,-1.4332866668701172
28.536140441894531,0.69165188074111938,-9.1229619979858398
30,0,-10
30,0,-10
30,0,-10
30,0,-4.8276782035827637
30,0,-4.8276782035827637
30,0,-2.3546581268310547
30,0,-2.3546581268310547
30,0,-3.5500977039337158
30,0,-3.5500977039337158
30,0,0
30,0,0
30,0,0
30,0,-1.2709852457046509
30,0,-1.2709852457046509
28.881965637207031,0,-10
28.881965637207031,0,-10
28.881965637207031,0,-10
28.881965637207031,0,-8.5134897232055664
28.881965637207031,0,-8.5134897232055664
28.881965637207031,0,-7.1450939178466797
28.881965637207031,0,-7.1450939178466797
28.881965637207031,0,0
28.881965637207031,0,-1.8185153007507324
28.881965637207031,0,-1.8185153007507324
28.881965637207031,0,0
28.881965637207031,0,0
29.347213745117188,1.3055713176727295,-10
29.347213745117188,1.3055713176727295,-10
28.735429763793945,2.5291392803192139,-10
28.735429763793945,2.5291392803192139,-10
29.350196838378906,1.2996079921722412,0
29.350196838378906,1.2996079921722412,0
28.722036361694336,2.5559256076812744,0
28.722036361694336,2.5559256076812744,0
28.160100936889648,1.443730354309082,-10
28.160100936889648,1.443730354309082,-10
27.517269134521484,2.7293939590454102,-10
27.517269134521484,2.7293939590454102,-10
28.145708084106445,1.4725161790847778,0
28.145708084106445,1.4725161790847778,0
27.505327224731445,2.75327467918396,0
27.505327224731445,2.75327467918396,0
27.532833099365234,4.9343357086181641,-10
27.532833099365234,4.9343357086181641,-10
28.128364562988281,3.7432703971862793,-10
28.128364562988281,3.7432703971862793,-10
27.49974250793457,5.0005145072937012,0
27.49974250793457,5.0005145072937012,0
28.105342864990234,3.7893147468566895,0
28.105342864990234,3.7893147468566895,0
26.912740707397461,3.938450813293457,-10
26.912740707397461,3.938450813293457,-10
26.290376663208008,5.1831789016723633,-10
26.290376663208008,5.1831789016723633,-10
26.899991989135742,3.9639489650726318,0
26.899991989135742,3.9639489650726318,0
26.305290222167969,5.1533513069152832,0
26.305290222167969,5.1533513069152832,0
26.956953048706055,6.086094856262207,-10
26.956953048706055,6.086094856262207,-10
26.35395622253418,7.2920870780944824,-10
26.35395622253418,7.2920870780944824,-10
26.879264831542969,6.2414693832397461,0
26.879264831542969,6.2414693832397461,0
26.260055541992188,7.4798870086669922,0
26.260055541992188,7.4798870086669922,0
25,10,-10
25.675430297851563,8.6491413116455078,-10
25.675430297851563,8.6491413116455078,-10
25,10,-10
25,10,-10
25,7.7639322280883789,-10
25.683059692382813,6.3978152275085449,-10
25.683059692382813,6.3978152275085449,-10
25,7.7639322280883789,-10
25,7.7639322280883789,-10
25,10,-7.2206549644470215
25,10,-7.2206549644470215
25,10,-8.5210447311401367
25,10,-8.5210447311401367
25,7.7639322280883789,-6.8623628616333008
25,7.7639322280883789,-6.8623628616333008
25,7.7639322280883789,-8.1981773376464844
25,7.7639322280883789,-8.1981773376464844
25,10,-5.8958053588867188
25,10,-5.8958053588867188
25,10,-4.5784788131713867
25,10,-4.5784788131713867
25,7.7639322280883789,-4.1614642143249512
25,7.7639322280883789,-4.1614642143249512
25,7.7639322280883789,-5.4468159675598145
25,7.7639322280883789,-5.4468159675598145
25,7.7639322280883789,-2.6908204555511475
25,7.7639322280883789,-2.6908204555511475
25.716640472412109,6.330650806427002,0
25.716640472412109,6.330650806427002,0
25,7.7639322280883789,0
25,7.7639322280883789,0
25,7.7639322280883789,0
25,7.7639322280883789,-1.5431472063064575
25,7.7639322280883789,-1.5431472063064575
25,10,0
25.633760452270508,8.7324810028076172,0
25.633760452270508,8.7324810028076172,0
25,10,0
25,10,0
23.748044967651367,7.496088981628418,-10
23.748044967651367,7.496088981628418,-10
24.368875503540039,8.7377490997314453,-10
24.368875503540039,8.7377490997314453,-10
24.322763442993164,8.6455287933349609,0
24.322763442993164,8.6455287933349609,0
23.693643569946289,7.3872876167297363,0
23.693643569946289,7.3872876167297363,0
24.319377899169922,6.4026894569396973,-10
24.319377899169922,6.4026894569396973,-10
23.736343383789063,5.2366209030151367,-10
23.736343383789063,5.2366209030151367,-10
23.668436050415039,5.1008048057556152,0
23.668436050415039,5.1008048057556152,0
24.287277221679688,6.3384885787963867,0
24.287277221679688,6.3384885787963867,0
23.143281936645508,6.2865638732910156,-10
23.143281936645508,6.2865638732910156,-10
22.504985809326172,5.0099697113037109,-10
22.504985809326172,5.0099697113037109,-10
22.444126129150391,4.8882503509521484,0
22.444126129150391,4.8882503509521484,0
23.067798614501953,6.1355953216552734,0
23.067798614501953,6.1355953216552734,0
22.475605010986328,2.7151412963867188,-10
22.475605010986328,2.7151412963867188,-10
23.124330520629883,4.0125913619995117,-10
23.124330520629883,4.0125913619995117,-10
22.436346054077148,2.6366238594055176,0
22.436346054077148,2.6366238594055176,0
23.047119140625,3.8581714630126953,0
23.047119140625,3.8581714630126953,0
21.257759094238281,2.5155177116394043,-10
21.257759094238281,2.5155177116394043,-10
21.878324508666992,3.7566478252410889,-10
21.878324508666992,3.7566478252410889,-10
21.231378555297852,2.4627561569213867,0
21.231378555297852,2.4627561569213867,0
21.831319808959961,3.6626384258270264,0
21.831319808959961,3.6626384258270264,0
21.118034362792969,0,-10
21.82219123840332,1.4083143472671509,-10
21.82219123840332,1.4083143472671509,-10
21.118034362792969,0,-10
21.118034362792969,0,-10
21.118034362792969,0,-7.574493408203125
21.118034362792969,0,-7.574493408203125
21.118034362792969,0,-8.6951971054077148
21.118034362792969,0,-8.6951971054077148
21.118034362792969,0,-3.4616708755493164
21.118034362792969,0,-3.4616708755493164
21.118034362792969,0,0
21.812694549560547,1.3893204927444458,0
21.812694549560547,1.3893204927444458,0
21.118034362792969,0,0
21.118034362792969,0,0
21.118034362792969,0,-1.9013268947601318
21.118034362792969,0,-1.9013268947601318
20,0,-10
20.641794204711914,1.2835882902145386,-10
20.641794204711914,1.2835882902145386,-10
20,0,-10
20,0,-10
20,0,-7.4580678939819336
20,0,-7.4580678939819336
20,0,-8.6164045333862305
20,0,-8.6164045333862305
20,0,-6.1744160652160645
20,0,-6.1744160652160645
20,0,-4.8763585090637207
20,0,-4.8763585090637207
20,0,-2.3336691856384277
20,0,-2.3336691856384277
20,0,-3.5878677368164063
20,0,-3.5878677368164063
20,0,0
20.625753402709961,1.2515082359313965,0
20.625753402709961,1.2515082359313965,0
20,0,0
20,0,0
20,0,-1.2355796098709106
20,0,-1.2355796098709106
21.118034362792969,0,-4.7794671058654785
21.118034362792969,0,-4.7794671058654785
21.118034362792969,0,-6.1307811737060547
21.118034362792969,0,-6.1307811737060547
25,10,-1.5765799283981323
25,10,-1.5765799283981323
25,10,-3.0598685741424561
25,10,-3.0598685741424561
28.881965637207031,0,-5.9008212089538574
28.881965637207031,0,-5.9008212089538574
28.881965637207031,0,-4.6297688484191895
28.881965637207031,0,-4.6297688484191895
28.881965637207031,0,-3.287477970123291
28.881965637207031,0,-3.287477970123291
30,0,-6.1523051261901855
30,0,-6.1523051261901855
30,0,-7.3718395233154297
30,0,-7.3718395233154297
30,0,-8.5793609619140625
30,0,-8.5793609619140625