479.25914993534622,2.9875220514089,-1000.0537080256501
481.06549363472811,5.8596322615472349,-999.05003841134078
480.86524981056482,5.3894976753504977,-1000.6562604402286
480.16769763333247,3.9594068118836461,-1001.2320553999167
480.74881425295467,3.3166512480193346,-1002.8995276442398
481.97814116172754,6.2829209726621524,-1001.4876935692598
481.55677199115888,4.3332878318566044,-1003.6726104857695
482.01919098868643,4.0579061877888076,-991.55543717011551
483.14602095453006,7.0361131320834698,-997.07620865462252
482.61643086278372,6.7166479753399919,-998.45897060826917
481.63783727850512,5.7999358656531745,-1002.9547434867758
482.88742919162723,3.6408421850268073,-990.10819148012445
483.08629878454127,4.8695939333599592,-990.91908350862025
482.73288945644288,5.670930019272685,-992.23902052680205
483.61222146352179,7.0430297073811161,-995.36249405099238
482.86587215008745,2.9567751400823847,-1005.7674427470419
484.33912921740676,3.7712694741522066,-989.14273656861872
484.11358190496071,5.9654456445332222,-991.33233055762469
484.21518833513829,6.5317663116333744,-992.754773526078
484.3869572101234,6.9240744300237829,-994.11661528023103
485.34577612876177,6.9290343641726526,-995.17373288124531
483.77435794248777,6.9423260647239617,-1000.9293811129529
484.70569516801294,7.0541238533299708,-1002.387116321454
485.24333756372317,6.2273489482091522,-1004.914357401174
484.82827951988003,5.2096055000935229,-1006.2632210248004
484.23340315902993,2.6572858560216659,-1006.7423912394122
485.53324689474709,2.6347780405884431,-1007.9426237184224
485.777653239225,3.9062176548465586,-988.2671716291286
486.81274512431355,6.2699094510476083,-989.21257118405913
485.30388316853259,6.3728762448910867,-990.32138869468895
485.5885866720111,6.9330884063988911,-993.63191331745372
486.35137968795812,6.4466214448918935,-996.28268564411508
486.25448149016825,6.3757886434188524,-998.50097662346161
485.60588888373474,7.0006070132965998,-1001.0245497316547
486.27298516736369,6.97853789024997,-1002.5461830485843
485.99923956820089,4.8268670990718885,-1006.8388104492728
486.85001523077659,7.0109372249748896,-993.01513795350593
487.89566517641441,6.7299400331574954,-993.99519207148614
487.58044011563442,5.7442070743455709,-996.22352730046168
487.66688802397283,5.5176160385306101,-998.60558380296789
486.68995527861944,6.4993477545949681,-999.74153474916454
487.66894405318521,6.9752473601398197,-1002.7585376384977
487.73237380483067,6.3149661030967952,-1005.6919607342992
487.29080624441548,5.0245238057507091,-1006.6413044561035
487.19585891127809,2.9343377261544377,-1007.9639520915372
490.13718827029618,4.8835795378142102,-987.79230065627746
489.73180492827032,6.6135036115394357,-990.2021480677987
489.13479196519393,6.6284991104161346,-994.05712383866808
489.51788947767068,5.3578911152536355,-996.90936061313334
489.06743402773327,5.1671435805948986,-998.15748100548387
489.16105905720781,7.0953497949523383,-1002.8082786372725
489.52477625756006,6.5867399217616764,-1005.7772722398371
488.01316024701561,4.0186660638254859,-1007.3439489229828
488.84414963394801,3.1822133047610719,-1007.8693421340679
492.0029571905892,3.8018985833329477,-986.77333377850709
491.3975275850691,5.4595478591195405,-988.69378854503782
490.92031439620945,6.2411727994066979,-989.96247129018866
489.73862490379634,6.9558587825389404,-992.66266453600724
490.5089573602018,6.835555530973247,-994.01040185313889
490.21227118535757,6.0890324116109067,-997.81713659379079
490.04032153358389,6.9733158456441453,-1001.5150888189158
491.71825422219541,6.5190435793723669,-1003.6780630859146
491.33561457040241,6.1001177380379596,-1005.3627437668362
491.04777174298567,3.6071236694622435,-1006.5837082930977
492.70208560217156,3.6715267302121868,-985.7446287869991
492.48455941064657,4.9173290120597564,-987.77662705538319
492.12904435985621,6.2058398134653263,-989.78558309011737
490.41243356813283,6.7779083325461684,-991.29849377972721
491.24629698329466,6.9992461994913517,-992.49902061928617
492.13085215614853,7.063919832399395,-993.7339361072419
492.37493715688566,6.8281997457907275,-996.25936267106567
491.74465021161132,6.8292827609833129,-997.6195692530722
491.24968251142775,6.8027747680242765,-998.99504630377305
492.32557521114364,6.9599418877981041,-1000.3959406664802
491.86295579110811,4.428530239227384,-1005.788001571008
493.95099683886463,4.9364180780687654,-985.76385338919988
493.30479475695984,4.5671875758361846,-986.83865594604299
493.91496937234166,5.4304173813838412,-988.01473394005723
493.52466419148629,6.6062462533046418,-990.54038280947839
493.8214249750252,6.834277283014135,-993.49269255026343
493.09157052044662,6.8696658137851152,-994.90668196530851
494.10221623779779,6.7339220524376895,-995.95014735310667
494.50279197532655,6.925872810072879,-998.62026618991922
493.92594015670915,6.8772197059313775,-1000.2179987737802
492.60909560441394,5.3882398923790413,-1004.6620086865234
493.71272139111244,2.6474147487149615,-1005.6381928595723
494.70826859577573,3.2900167194316827,-976.32942258437504
494.71846043955316,5.5195381818562375,-984.42168861459709
495.39791487483996,5.8374135137575269,-985.75476239850457
494.65450464496666,5.3693338273048239,-987.01492199899485
494.59086253960993,5.9714880241750805,-989.39473946050816
496.09451339857037,5.3256704641708597,-994.38101399153982
495.60541565138328,5.9265762879807387,-995.64432785917074
495.09199467589639,6.5817900735378991,-997.04641786662307
495.55793959258961,6.5728555051712627,-999.9448230731341
494.95086544884464,6.2271882928936284,-1001.5065881448867
495.03165235252408,4.5716672553564504,-1003.6868428241439
494.34066377853253,3.7100737290664236,-1004.8649284215154
496.03963738294868,3.7160780065129093,-975.63314475474135
496.47718580122614,5.4500719898869443,-978.98987558605006
496.42360293543396,6.1157002417812549,-981.41671077821957
496.25634772738289,6.1716895711562572,-984.34834154617249
495.95087548508758,6.1566888210078199,-987.2167097642772
495.32742180546057,5.6614273776747099,-988.42043931710225
497.41326709148524,5.6668848467760276,-990.2440976946051
496.82218247330519,5.4097795635752428,-991.47856600409705
496.61406958658665,5.1662465248887788,-993.10419199229739
497.19013210566595,4.1881060485338892,-994.09158019128415
496.84885669660213,4.9042108019094606,-995.34054100661501
496.51410555479146,5.767440284609525,-996.71019845179978
496.85060247590252,5.8389117914313395,-999.53552485655678
495.42470832088219,3.811623983081613,-1004.5587544001373
496.14284246872523,3.7206823152055533,-1005.2980364529927
496.96735934745675,4.4794574374251912,-976.3370412838392
497.15235959633253,6.3622493819262651,-982.81943568854933
496.9821411266206,6.5578245951480429,-985.74355185663683
497.36453365087721,6.6692005395816434,-987.55205063223741
496.62581041745051,6.0743239310496699,-988.8206160578801
498.23586219918133,5.1114527129767673,-991.55354200686634
497.74789531674321,4.520786952096941,-992.86994320144129
497.66517982693927,4.9110855493425687,-996.46280663326013
496.39788313299863,4.7060593237448911,-1003.7253607459555
497.13626865480558,2.7417699860078542,-1007.5976070435454
498.81123668749098,4.2321449941692828,-974.30391867915171
498.25086682642285,4.7281419245753842,-975.75199207890068
497.94346209441653,5.5143758212281844,-978.76060124252137
499.18245701126642,5.5554748004224033,-979.8586137956471
498.1436241160448,6.1643324834142019,-981.29218277126836
497.83776897753211,6.4828794036280311,-984.09050079241888
498.24846386973167,6.9210415982396816,-986.48067844763852
498.10137622516538,6.4528953241761151,-989.10308726158905
498.91497353742818,5.9407351056331628,-990.4267895654699
498.96367986890664,4.4200581180945164,-992.71435779344392
498.37865218315142,3.4493336221598168,-993.814038796874
499.13548235551144,4.2133885200173662,-994.88792286719513
498.73789207873318,4.5666181237753776,-996.2477017270968
498.90295555000944,5.6245035429157895,-998.62535917342552
498.41890240863336,5.6849095246783756,-1000.0971910566408
497.99876169886039,5.6484030070156921,-1001.5695462083247
497.84044044968692,5.4906522553924573,-1003.2643487352348
497.22715412034643,4.8222128759046683,-1004.9382901986282
497.94859251522041,5.0169261499198585,-1006.3541598397362
499.3644064719341,5.0796332254981023,-975.16481205156208
499.39635232616746,5.5151468422526273,-976.67886709432469
498.65828274757604,6.7951104625325369,-985.14162180386234
499.62808596255866,7.0321935347283322,-986.33002009266465
499.69518178739901,6.6432118014069808,-989.12013348185565
500.5237813215507,6.1320973816232742,-990.39262107942045
499.75243239883611,5.3299951514602553,-991.57537093034875
500.42372131792723,4.9733186180978679,-992.6392990091116
499.60596308076623,4.3089364178584653,-993.74207573541912
499.9751977238007,5.0944721276063305,-995.91666916959286
499.4122624459502,5.4336478347423665,-997.26815394780112
499.4804364290045,6.2529754109882436,-999.6011052232036
498.97276737019092,6.2208989876982397,-1002.2590232419986
499.53917304930314,6.4643651226883181,-1003.4103551684133
498.59609087694906,5.8148306490795427,-1004.766358178882
499.43817556862479,6.028163938243762,-1006.165150687995
499.81587444058584,5.1107524975905578,-1008.6498985397452
499.62869279917885,3.1778872888037646,-1010.2080517013046
500.82734186974477,5.3079545976553604,-980.22151999181767
501.97066133403899,7.0845678368327754,-987.4132980929794
501.23849679255449,6.7890288652230852,-988.95529565999743
500.81974648187366,6.0464329282973805,-997.05651704042782
500.21509662243784,6.2789295539340531,-998.46185666121232
501.13994997432081,6.6340135936929414,-1006.1231509120184
501.1261048743479,5.6144925685676386,-1008.7535140855673
500.38019929539945,4.4040636375775097,-1009.7170412847631
500.89885972572398,3.2484601920654184,-1011.7529382256479
501.95905053918881,2.6528697460523833,-1012.5857424964058
502.61009360709062,5.6798716340344484,-977.81376695507709
503.13362111367223,4.8831446092970348,-980.40135782070433
502.85297651916051,6.8253175878675343,-988.73919748514402
502.03104541042171,5.1260575806900128,-992.8321422088452
501.45490008401822,5.6145206460258441,-995.56466369566601
502.2379485326212,6.4129526785057687,-996.78003091032588
503.06464794950995,6.7970184026681748,-1005.9801187740836
501.94041511443334,5.1190005174085007,-1009.9253020280075
503.73173998523794,5.5000159987986788,-976.39699093175727
504.42456214962027,5.6352746081140204,-977.71795202082899
503.6559408884504,5.4717527858487545,-979.04798555278069
501.739930810364,6.5108482645284589,-984.84381367885589
503.85792382371864,5.9073425057448592,-985.51172131262842
504.51466400837916,6.4915830906310896,-988.54403940054374
505.21118680574926,5.5121732072272875,-989.65014343637813
504.31366217892327,5.3751682326168613,-990.89493581243789
503.54349532923175,5.0367625124261357,-993.0803025235183
503.98110051826393,5.4332701940087569,-994.16368413448163
504.64334951270416,6.1345115977695128,-995.32961685857583
503.78076855333421,6.5940427624554108,-996.54814578149308
503.45532155396018,6.3706702234179318,-1007.8912804292042
506.91986413872559,5.1908796529496479,-976.179545819076
505.33150850259472,5.4439214747012272,-976.43055483017088
506.17021977395854,5.6127858585292723,-977.60123278089304
505.31063611138705,5.8837453818131227,-979.03590120933723
506.41133227254994,6.0278222470456955,-986.44923332184919
506.01910255417846,5.7526624219458471,-988.27671665675302
505.73704938055221,4.7176927268403652,-990.73887775694857
506.64287845106293,4.8225891065057107,-993.36154098711279
505.63401570656163,5.5417802972991428,-994.31448008187158
505.28942968223549,6.6698529521197658,-996.72606317614111
505.43946706164684,6.7568928196786802,-1005.14006262652
507.60074304237753,5.2007004908732819,-977.6027507070462
507.96358834756319,5.4608005583617159,-981.3900493798335
506.32565567206888,5.8154787682713653,-982.33689354592263
506.87113042828446,6.0287156386015264,-985.3372493041112
507.30752250949735,4.773699865810821,-987.93513890997031
507.82114741985998,3.0700267101903016,-990.32423474027689
507.54454896785967,3.2253598740735381,-991.53662832579039
507.65867266161467,3.8677548735754863,-992.64186323248555
508.21583376611903,4.5906179916801824,-993.83719001906729
508.79191448544907,5.1783064700985326,-995.16646707212612
507.63134273159915,6.0248036706774881,-1007.2081990943527
507.86990866094879,5.3768205769404931,-980.02762162381703
509.06618070287556,4.7547746587794277,-982.21101660220313
508.10004593003958,5.5331606129972624,-983.01903877340567
508.71015789492174,4.3214250562297805,-985.71568765036079
507.81322343306897,5.0259071822062644,-986.43843330786865
508.25068877565258,3.8361521124654048,-987.27770960236899
507.91616200011731,6.1405074253280389,-996.32250887214332
507.50710865863613,6.7300348522087043,-997.9829859103894
508.35550111105397,6.6944576641746254,-999.32122574563346
508.90491136893382,6.6064866829069153,-1000.7246713791803
508.4081187601526,6.4950723016313354,-1004.812576899324
507.24626844775503,6.6151787173504744,-1005.8234237177197
508.7437113678605,5.9201212361611928,-1006.2583191243674
509.13893000949531,4.8545451960566082,-980.51349640243689
508.55909901035096,2.8888419458196948,-992.51786637092857
509.51897421927987,2.7391698686562833,-993.6915531364391
509.97276028921186,4.5256685420900462,-995.6713785430012
509.56640171675838,5.5667401267361001,-996.58741979830245
508.99949583477422,6.2240031377098717,-997.8721440490408
509.83499042801617,6.0773273313037413,-999.36094307202643
510.45495445891913,5.8754523542337074,-1000.8047916969739
509.32995783602053,6.4967834747723492,-1002.0910526570657
509.81995854399952,5.7853748940368241,-1005.0436608105267
509.97641065912222,4.9933945251627705,-1006.6807528710131
509.02002565060405,5.159487814013886,-1007.6766511057409
510.4253147410019,2.6771518323377061,-994.83798070755017
511.61061321347029,3.4513353334264583,-996.9013220642521
510.44649407350818,5.4716380448325053,-998.01461113367054
510.99578685206995,2.7000317083233711,-1007.9124193089639
510.49776095443559,2.7719990848147855,-1009.4767650272025
512.45789864595338,2.751473460758421,-996.93409496024174
512.82371819213245,3.2803048045835483,-1000.7021824430229
510.97137859428454,5.366686789162002,-1003.5869673475383
510.55631617445783,5.1269048690192864,-1005.4317668502306
511.32134679842864,2.6062068082519501,-1007.0677973817565
509.71533528498838,6.1922328701557587,-1003.560869158276
510.80951934905892,5.6591647367912845,-1002.2824853195278
512.16831351021563,2.6647916973116796,-1007.6730596003601
511.32458105445721,2.6643028345329549,-1010.4324660992445
509.98061262035912,2.6587178556817603,-1010.9045110817827
507.90681346220464,5.3820287736911681,-1008.3852820413369
506.54427572581625,6.0432064917685349,-1008.0991680496313
505.00338965271123,6.1835232833053206,-1008.4126235939029
503.6007100061878,5.6272958622794764,-1009.493185084301
502.8840315629335,4.4406047836020592,-1010.9563680664136
502.81289558960032,3.0751965471207297,-1011.847592897951
503.13488658271359,2.6135187197462892,-1013.1252814722997
501.45842021997083,2.6016073606556791,-1013.569812593003
500.52028696971894,2.5631787892079578,-1012.8530685705117
499.20936196838102,2.5478746675874917,-1011.6580380046214
498.09349697655682,2.6238008797611716,-1010.3788157681914
496.91282310282639,2.5903454314408001,-1009.0782495124982
495.60552739200068,2.5191534521080459,-1007.7435320362611
494.46603679846658,2.4490486725168603,-1006.5911343328031
489.94636506228113,2.2976421887521608,-1008.3060430809792
486.49466263983197,2.2995145219971409,-1009.1106063732196
485.22191009575067,2.2307106814048439,-1009.3746097673178
484.14624147879829,2.2142794769500114,-1008.1546819937946
482.91243841479491,2.1463516156038565,-1006.8245227167662
481.71308684403692,2.0595896465788894,-1005.515681896812
480.6591648889052,2.0459915079202937,-1004.2115786349527
478.15043820715141,2.2287288881691416,-1000.7137498895871
482.50417138466668,5.7619184242825892,-1004.2576402651588
478.60371603860347,2.2431859744268006,-998.84547655858034
479.75286239296724,3.1239647577062342,-998.3636999615527
480.15908078640012,4.8874870262539307,-998.23439848797227
481.17883080818439,6.4152625088216508,-997.52990630278487
482.14566792095593,6.8153814043369385,-994.87221578741753
481.7876621045815,6.0229951773511026,-993.49186334359422
480.65105542583018,2.3668455915513942,-992.01953080730379
481.48189645951948,2.7252854965814941,-989.39286664057408
483.20263624561449,2.8613906532654751,-988.60780945457316
484.69415642982005,2.8891682796720537,-987.98661652338183
489.80074274684392,2.8687045815582848,-986.20563458172478
491.30206479530796,2.942037389096388,-985.8183864963238
491.75961619999549,2.9964212348083423,-983.83612867956083
493.31667158663998,3.7462773913965117,-983.34585680969724
494.00163032410757,5.1077912400299104,-982.98637740736137
495.13891514018627,5.7678806404185492,-981.71816457225214
495.55812359683478,5.623184576243891,-980.04180989542692
492.75605419958981,3.3879038009659079,-984.4907251587673
493.46053079767881,3.138499953765729,-976.92015574154959
495.61427378783333,4.1316754798647795,-977.04603897412733
493.79016424037019,3.2801478816453198,-975.4379028937791
494.88034229429434,3.4733031316737315,-974.90662193633841
496.3894982393727,3.7197062181162761,-974.16928202703434
497.94456690232556,3.9763631833632327,-973.46786561819818
499.34945699720078,4.3698971098840831,-972.83911223219343
504.27113345270931,5.1288233009884383,-973.90972301082809
505.48037179544741,5.1862868854120059,-974.22832670813057
507.885775374025,5.2742354947922268,-974.77513910072321
510.41622056623925,4.9162132473606377,-980.26765331390072
510.29057005821102,4.6801147586823095,-981.49570493520196
509.35843845323222,3.3636238712529121,-988.11932160903984
508.84393046810442,2.7579548597700398,-991.24337568820533
509.7844891397225,2.688807283648734,-992.40170364312655
510.74432953300214,2.6613719942451497,-993.60990946142704
511.70930171141242,2.6640652150349289,-994.77578955760316
512.79561667216967,2.6616241972707719,-996.04909722580453
514.00191842927302,2.6405425077381555,-997.34938539255802
514.99250610424804,2.658520177135097,-998.67938593469603
514.07147925016818,2.6665189522049895,-1001.4333246548271
513.32078687843534,2.588267748928871,-1001.7231725283125
512.40668218333963,3.5080309129029925,-1002.0577831831174
511.68303216116971,4.592825989515001,-1002.5855282435928
511.9158347399877,4.7283287790333697,-1001.0300170767122
507.52484477851658,6.5218692046404438,-1001.9167250054002
507.51302975005734,6.4141108032833225,-1000.6256821132681
507.00382531716031,6.5293569874132382,-999.43157169284723
505.89607739302738,6.7248178944933148,-998.30112432914075
504.55507738706524,6.7148660669778604,-997.82492788824231
503.13793701503903,6.8899936876025434,-997.85688712092212
500.69864230105941,6.7804602756272176,-1000.0215802488484
500.55729004080365,6.8727350498149224,-1001.9443730544141
501.37450070057452,6.2300599837879389,-1003.1114033745614
502.53694110274307,5.0913740900154023,-1003.8399608439682
503.3010607431288,5.2693663739773813,-1004.8186040713734
504.22285180992384,5.6728007195005761,-1005.1842720631802
506.58516501848067,6.1573347542093178,-1004.3030780092034
507.97765489049397,6.8258400455260624,-1003.3599772884666
506.61454321040088,6.6166442290452077,-996.94596685422493
502.24021196963872,6.5754902720928845,-1004.4908048450711
505.21657865411839,4.9725016099224941,-981.78672341661274
504.0334486181527,4.178699506018023,-981.2773231038633
506.28354431636399,5.9389596149483177,-980.60274473254128
504.42340612508622,5.4786565281950503,-980.51826907289046
500.2359412177712,6.7646464939233644,-984.92033205884343
501.30984034335842,6.1231457906612698,-983.74595651247284
501.1008442104341,7.052898527659373,-986.13739803409089
505.12047404476704,6.6596903334174957,-986.72944647645318
481.69105728190294,2.945551366196244,-991.2309639410712
485.25641981072147,5.1381919655865476,-988.96900714716651
489.66380551556273,4.1142247097288678,-1007.2409252913463
486.50414197079255,3.8117171553612166,-1007.5056713150013
506.06164607366162,6.4974168211030454,-1007.0047442537639
479.69726205743854,3.1131392507500508,-1001.6738705412725
514.5424740038294,2.6610837750033101,-1000.1079804027796
511.75894701816958,2.6638975152412923,-1009.0592916642287
499.0916123078469,3.8278949671462001,-1008.8539586484346
486.74743331429954,4.9331597094856301,-988.31502750957634
510.69896511244838,3.4952843724450942,-995.70765654457159
493.13144437085697,3.9363953836022616,-1005.2560135465197
491.34554212004196,4.4339211652517454,-987.63795649262727
479.97326177194691,4.3502115318332581,-999.58673223194103
510.15658317108392,3.8610006738027369,-1008.2389434284839
511.2445177658733,5.2244447211859324,-999.47277618977785
494.43301665396854,6.5377282747524683,-992.06956289305413
502.08088619313662,6.2945192759841841,-990.16643686631471
488.25655507211326,6.9967335676161753,-992.64989774944149
506.26247983173175,6.1492282068260646,-995.6348904116926
487.94261660314413,6.2886898813989598,-999.97229013724757
492.9983325746428,5.8573579236243747,-988.96691909187064
503.15432206188018,5.241454405579506,-991.91727881030874
488.33975076334559,6.1745976395747437,-995.20529961323541
485.48234587244593,6.7629849118118592,-1003.6342858232499
500.54914623415181,5.7751147130923899,-982.56049311238428
493.38080111059713,6.5269383395236149,-1001.7331505524138
499.51259539911644,6.4453709882387695,-983.78319097042129
490.7148419435124,6.3447232733203363,-996.54981315444991
510.69219675010788,4.4513010735657685,-996.86575763260089
485.05549741907356,3.6252856439639309,-1006.9290859235921
489.0497839046339,4.0203146865843165,-987.08875635707284
491.66929500614003,2.4403341241291043,-1007.7216741259176
498.08897282597644,3.6442629283198098,-1007.613416952074
484.18173555397425,4.8156982508087678,-990.14054297439907
488.69596088638946,5.8138653451101856,-999.10452725087237
504.72657176659959,4.875266640033729,-991.97907286963971
487.10683035090113,7.0380215900946492,-991.12453644248728
492.97963477782156,6.0417836627462016,-1003.1545287471218
501.50525577902016,5.4697177740142129,-991.49722443142969
484.06843688060542,6.6559708901605363,-1004.0118302318548
486.76413994881938,6.6660590160721407,-1004.2300046702337
504.65877611745555,5.141331326586057,-975.28076763300271
502.90650226737569,5.7043497660640403,-990.93321792969266
501.93017110448289,6.3384738014022766,-1007.4897933082624
487.12201600166844,6.8174319444670601,-1001.2050230842967
490.14524521813399,6.9376417205583545,-1004.1504744799503
484.47412923173852,6.9328204551443582,-998.1558107086887
489.277188066468,6.5140925652600643,-1000.2191391123964
482.51883316180533,4.216748660146628,-1005.0889529213456
502.18600729138416,5.5827824206788499,-976.11758164575804
500.58885120005607,4.840959719730499,-994.68275871470371
491.34748777273381,6.8243159513512994,-995.21110998251311
488.24192933912303,2.2794698856768978,-1008.755348076496
506.36065181006438,4.3445964357187634,-991.93228733196463
502.21384908846483,5.2891497722699903,-979.39297044047737
511.467955308922,2.7184218282057211,-995.93005616686571
484.79510190525798,6.9723616022943089,-996.57056367036193
483.78722870557095,3.9028679060924731,-1006.1209892480279
504.50858401941321,6.7747041760123636,-1006.681890319455
488.71187142928761,5.468861347620428,-996.23010902134956
480.99166044598445,4.7592702298069698,-1002.2003531433734
485.8250179885697,6.5071157941422397,-997.42480056663635
502.28881773127205,5.1301584562502747,-994.22410009013129
488.49852946430769,6.8260599113277234,-1001.3830753183892
513.49091491300146,2.6811636322697772,-1000.6925235540047
500.36438483298508,5.9578850347575223,-1007.4349570187179
492.4518206503505,3.2019122764043768,-1006.1964824239492
503.70361343440101,6.1220261156893585,-989.85348526532755
488.76082803631942,5.2959670480169843,-1006.7507313936258
499.34014038402427,6.3671710503805699,-1000.9234732466919
487.06307957819882,5.732383715090112,-997.42317718706806
495.00236707988438,2.8211322480351049,-1005.5109269247582
495.76438386057663,5.2304439856396439,-1002.5125560501339
508.7406592027462,3.4348334684182751,-993.44040005068098
501.00875160350853,4.8879083298041701,-993.6699875423401
509.57441595472415,3.7222218607469468,-994.53726651951956
488.22974073147401,5.0405728667631982,-997.30216907216027
488.40889259151351,6.6798729453026526,-989.66099529710038
512.67437698157357,3.2935968112255729,-997.9889492897654
483.65666939359528,6.8730880590698291,-999.43827910008144
505.90120662256902,5.1598439243613754,-975.47205761351665
508.97549237414444,4.6298302530812157,-983.9239281987667
502.4646817335929,5.8798683819661068,-1008.7462656050158
481.19543944095312,3.0261140606498866,-992.78260396403391
499.7916648467002,5.7103661594734128,-981.27256798033454
485.11045610586342,6.8694584235139837,-999.63119940622687
493.80122620152406,4.9156287237454883,-1004.1245092194764
497.03194425451261,3.677332492881443,-1006.4339381880554
507.24291913315039,5.5342229882576808,-994.72535186187736
511.64744032157665,4.4037024809736627,-998.06051706865878
501.27005179452556,5.0010077677695426,-981.57592583341341
494.73816030585732,6.3423328873732734,-994.64070630942058
489.8634603128192,5.9571964940691249,-988.93354412964709
497.25811660776986,5.4999627098831247,-997.93309792540481
510.16289505437089,4.3169145547015049,-983.12358820421593
490.24291148511185,3.1180945819841672,-1007.4799843600695
486.3542467752402,5.8695091523083365,-1005.7448221115302
497.45010709579884,3.9864559828178008,-974.97589498598836
500.860751970754,4.7046406752786618,-973.12225184294061
483.12787345189776,6.6287445015263948,-993.72788492795939
496.04482730717444,5.633312993867591,-989.87294830584517
493.424984065503,2.5975804342344304,-1006.9934553780876
494.34051365411489,5.5884407417469921,-1002.8113428166079
496.39119946999267,5.686296630700185,-1001.1138391154927
497.85261734386779,5.5213201074891298,-999.06755670396012
495.55863039762977,5.962629362620822,-983.01113962626835
513.50528142582937,2.8965486078755598,-999.17436633481259
506.943408558876,3.7823503692273777,-990.43740313962542
491.8621721236492,6.7694273089030066,-991.02205822307951
508.3696808793681,5.0677876037253862,-978.96646793228217
500.43965893882165,7.0392680169907011,-987.65332078199447
502.99610227914292,5.9550683122663095,-995.29407820795393
500.92376283451449,5.7250335347706685,-977.29252680750506
490.75946357339643,6.8466804557836243,-1000.356797695984
496.10721091674475,6.4222681531209673,-998.26543676249526
498.8641543232672,5.0718486347270417,-1007.6260455398177
488.41365145768282,6.9269249090735654,-1004.2296528244129
508.502832399,5.2465676038126334,-976.07971387498935
497.27818104107411,5.9088697087956854,-980.04150119665439
498.92677716576105,6.9260321539371787,-987.77777886932995
505.12746793381194,4.9638237039107782,-993.10181296133408
512.45977029439985,4.0172531343319013,-999.4284424070338
495.32860827626001,6.1725500630182317,-990.82622722178849
507.74413620394853,3.601729025983281,-988.91100570655215
488.88143647082751,6.9566368896468287,-991.28860315441125
501.75758386129655,6.7928238673228556,-998.52523132444639
500.27927237024721,6.6105739539074158,-1004.6554430720171
499.40918424862201,5.5324471316632291,-978.26075404473545
497.40110179252065,5.2378471890991651,-1000.6092018299579
497.02070624013299,4.9710912059677579,-1002.107271595034
486.35979741466917,2.8548470334604445,-987.33829340421119
507.04277819806691,5.6283538874600012,-978.9056316904622
509.95751726255401,3.8939338727453428,-984.9165435264938
483.04348750702667,6.8315754058041387,-1002.6415910154955
489.73839160851179,6.2099020702170478,-995.51828005839604
498.10203503059188,5.2093652120087786,-977.29753026983872
483.71862294181301,5.422917141740931,-1005.2758152608521
485.52149236798158,6.7980585813569903,-991.99498767554689
492.86274694571091,7.0097448485528693,-998.88482440515656
495.32384367193742,6.0891821775405539,-993.36539925069337
488.33663468166799,5.4104437400114467,-988.12336711548301
490.63604188659599,7.0070489347194309,-1002.7975441310195
492.86558112020111,6.9194782593175574,-992.19529326755037
506.56391702363436,4.5989241792891162,-989.35240631485931
495.96794090586741,2.6344652840527725,-1006.4121618478731
490.49767648987438,5.0143916053023307,-1006.4211013164364
501.31677364588205,4.0008891356042495,-1011.0112360259714
498.35340723534392,2.7862283920724913,-1008.8356634011266
481.65251909921039,3.1199091178636844,-1004.466868037051
491.77745855262106,6.8231726305645797,-1001.9351614447844
481.39817429676265,4.4945914511673433,-993.00006254841537
489.80752279926298,6.2386389455750066,-999.01342059522028
498.85885871139584,6.3102497913379798,-982.60862222873311
498.30753189265334,4.9706536356484667,-997.63561244198331
482.33514839678782,6.4073054613377627,-1000.0120758261878
495.80943290402161,5.9251952483338863,-992.15935146579602
500.68327404188892,5.4613635396670768,-975.60976251648981
486.88856026733288,6.676343331164003,-994.86726736084881
497.96066386199226,4.0749258555415615,-995.10365519484992
493.44938408388128,7.0075094395523241,-997.38230336267191
479.74479727650686,2.0787087220510037,-1003.0304296945576
511.02552750410337,3.5984062095188802,-1006.6128745747172
481.01284464783038,2.5018353076223114,-990.92806095873777
508.8788290298919,4.334587802668886,-1008.9723782687946
500.10412234675573,4.6572584504684311,-974.21236062066532
509.27879584505007,2.9508870102467659,-1009.4662315269854
509.62564617683955,3.6419578511958095,-986.69204685922341
509.07883975970606,3.0375608979591968,-989.70380953980839
505.21497830715668,4.9243293048799526,-1004.4636409157838
506.47556515044164,5.9165334685350981,-983.83860296036914
502.72143981069979,5.0251021073109898,-973.52227585417791
503.20323678953923,5.2378043067046631,-975.05311024847106
496.71660026195576,4.9173652685797364,-977.77232951966437
495.1779775293391,4.803355364970213,-978.61317718940438
501.63497742582513,5.0775122263631918,-974.71287989078451
503.58679772793397,7.0220419616245735,-987.09410794127496
490.68698663527078,3.5527706826735876,-987.00368404769722
487.44924508490533,3.9981397366448284,-987.64641098222501
493.43633851610855,4.4326523217340545,-984.47283246773191
488.08997147915585,2.7743975519596242,-986.7105900422946
504.38873825399355,3.3333321780902776,-984.63165202735024
502.64540726687505,5.2415173558753043,-984.61024076227602
502.69015527769398,6.791373115598204,-985.67964811071693
503.06734828979768,4.0897243077399965,-1004.101373357548
504.87725520217958,5.3567601790585071,-985.20732705722742
506.62637904082487,5.817788299648007,-1003.2495785364083
504.14664607971758,4.2962077275918427,-1004.8303342055071
508.09065604355436,5.2980824847121886,-984.73858334752958
506.30407513586613,4.895124041220372,-1003.412162484207
502.12396150897285,5.0422985321414107,-983.06285526712475
502.07155487171821,4.7011014403057381,-980.69996205839061
505.56080030127526,5.1372928054151838,-984.76195634449289
502.64835152499614,3.7347323777986259,-984.06361085295703
509.94160849481875,5.048613024810134,-979.21787086890538
504.88263445745901,3.4358930327406494,-1004.2355937857014
502.25335934595336,4.0985010057083908,-982.18471146547108
505.61174142951734,4.6867538375456377,-983.32870909329074
503.75704996272032,4.4463046883795689,-984.98233021571389
509.21130226198028,5.207264268484165,-977.60675843742411
494.6254805200951,3.1617391833093729,-977.97517950819577
500.83444288428143,5.5477544321653962,-978.84829132441621
491.49357629867757,2.9801335845488892,-984.95172899317799
503.36962704090445,3.1175388817128473,-1004.2060533154513
505.7986201445247,3.4919702401204291,-1003.7992052611273
482.01846109318899,6.89369201141389,-996.04318221923756
478.68417865014243,2.1743995192664776,-1001.5583511830675
503.22086939036257,3.7222667159068754,-981.33883084594197
503.64685493039798,3.3871594600697521,-984.64567531595594
506.91405648225282,5.2385342698093673,-974.55698378155205
479.6981201171875,2.5795080661773682,-1000.02490234375
481.44537353515625,5.4057722091674805,-998.9515380859375
481.30419921875,4.993445873260498,-1000.553955078125
480.65213012695313,3.6552174091339111,-1001.0509643554688
481.19580078125,3.034782886505127,-1002.6153564453125
482.33450317382813,5.8007550239562988,-1001.46484375
482.04837036132813,4.1633319854736328,-1003.37353515625
482.48605346679688,3.805922269821167,-991.835693359375
483.2100830078125,6.4416337013244629,-997.02630615234375
482.7762451171875,6.1441512107849121,-998.3770751953125
482.09707641601563,5.4587550163269043,-1002.77392578125
483.21185302734375,3.2442710399627686,-990.42041015625
483.42453002929688,4.5243892669677734,-991.274658203125
483.05490112304688,5.2622561454772949,-992.537841796875
483.63833618164063,6.4455947875976563,-995.411376953125
483.203125,2.684161901473999,-1005.352783203125
484.63442993164063,3.4248600006103516,-989.53363037109375
484.39923095703125,5.5070133209228516,-991.59356689453125
484.37472534179688,5.9785475730895996,-992.923583984375
484.43218994140625,6.3330893516540527,-994.2098388671875
485.26214599609375,6.3356990814208984,-995.14276123046875
483.87960815429688,6.3523030281066895,-1000.9575805664063
484.721923828125,6.4571084976196289,-1002.32958984375
485.32272338867188,5.7108249664306641,-1004.6195678710938
485.0311279296875,4.8585715293884277,-1005.8209228515625
484.50338745117188,2.2792983055114746,-1006.3626098632813
485.6959228515625,2.1585931777954102,-1007.6158447265625
486.0054931640625,3.6365499496459961,-988.7523193359375
486.94442749023438,5.8143782615661621,-989.5802001953125
485.57977294921875,5.8995575904846191,-990.5660400390625
485.61593627929688,6.3340582847595215,-993.65228271484375
486.11138916015625,5.9098987579345703,-996.1629638671875
486.01065063476563,5.8331012725830078,-998.57867431640625
485.55490112304688,6.4060263633728027,-1001.0867919921875
486.2554931640625,6.3803901672363281,-1002.50244140625
486.09475708007813,4.4903736114501953,-1006.351318359375
486.85394287109375,6.4130978584289551,-992.96441650390625
487.83251953125,6.1554622650146484,-993.833984375
487.37164306640625,5.2280030250549316,-996.00006103515625
487.4990234375,4.978672981262207,-998.8089599609375
486.53048706054688,5.9457364082336426,-999.90911865234375
487.70028686523438,6.3760671615600586,-1002.7576904296875
487.84417724609375,5.8349008560180664,-1005.349853515625
487.3355712890625,4.6632380485534668,-1006.1643676757813
487.21630859375,2.5304126739501953,-1007.520751953125
490.074462890625,4.493262767791748,-988.24365234375
489.62435913085938,6.0542240142822266,-990.3909912109375
489.15676879882813,6.0525884628295898,-993.8902587890625
489.7716064453125,4.8243212699890137,-996.8048095703125
489.24533081054688,4.6273574829101563,-998.34979248046875
489.17367553710938,6.4955692291259766,-1002.8184814453125
489.46261596679688,6.1021666526794434,-1005.428955078125
488.02392578125,3.7152788639068604,-1006.826416015625
488.78262329101563,2.8336184024810791,-1007.3848876953125
492.20379638671875,3.3462226390838623,-987.1080322265625
491.39627075195313,4.978487491607666,-989.0523681640625
490.87274169921875,5.7008357048034668,-990.21893310546875
489.74224853515625,6.3564906120300293,-992.6353759765625
490.59585571289063,6.2498412132263184,-993.91351318359375
490.53158569335938,5.588935375213623,-997.90625
490.04983520507813,6.3795852661132813,-1001.60107421875
491.47665405273438,5.9923934936523438,-1003.5222778320313
491.04913330078125,5.6988029479980469,-1005.0208740234375
490.79083251953125,3.3006768226623535,-1006.1364135742188
493.050048828125,3.2002019882202148,-985.8741455078125
492.620361328125,4.4580655097961426,-988.1380615234375
492.16311645507813,5.6753582954406738,-990.0638427734375
490.3797607421875,6.193230152130127,-991.42919921875
491.26296997070313,6.4007997512817383,-992.538818359375
492.126220703125,6.4644193649291992,-993.70989990234375
492.43505859375,6.2312474250793457,-996.26513671875
491.89993286132813,6.2511053085327148,-997.6595458984375
491.40151977539063,6.2259020805358887,-999.0595703125
492.31918334960938,6.3617019653320313,-1000.3504638671875
491.56640625,4.1875019073486328,-1005.325439453125
494.31402587890625,4.4590606689453125,-985.78228759765625
493.5833740234375,4.0811591148376465,-987.05352783203125
494.02041625976563,4.8871350288391113,-988.24652099609375
493.45721435546875,6.0340633392333984,-990.7078857421875
493.64779663085938,6.2600126266479492,-993.484130859375
493.01165771484375,6.2757549285888672,-994.876953125
493.94989013671875,6.1571688652038574,-996.01458740234375
494.39205932617188,6.3362030982971191,-998.62554931640625
493.84295654296875,6.2923731803894043,-1000.11279296875
492.28311157226563,5.0232243537902832,-1004.3148803710938
493.55535888671875,2.1680026054382324,-1005.3135375976563
494.89028930664063,2.718297004699707,-976.3316650390625
495.02728271484375,5.0053658485412598,-984.40570068359375
495.67819213867188,5.3069052696228027,-985.75714111328125
494.92315673828125,4.8350081443786621,-987.0631103515625
494.50851440429688,5.4052438735961914,-989.57525634765625
495.70849609375,4.8663444519042969,-994.38421630859375
495.2965087890625,5.4262137413024902,-995.7635498046875
494.88674926757813,6.0283918380737305,-997.15423583984375
495.335693359375,6.0266056060791016,-999.83428955078125
494.76776123046875,5.7113757133483887,-1001.2608032226563
494.92855834960938,4.1112680435180664,-1003.316162109375
494.20620727539063,3.3330478668212891,-1004.41796875
496.2305908203125,3.1599783897399902,-975.752685546875
496.593505859375,4.9073381423950195,-979.21771240234375
496.53018188476563,5.5310678482055664,-981.49945068359375
496.4420166015625,5.6013827323913574,-984.364990234375
496.20462036132813,5.6147031784057617,-987.17352294921875
495.44622802734375,5.0734968185424805,-988.43536376953125
497.48388671875,5.1119513511657715,-990.02716064453125
496.62185668945313,4.8545618057250977,-991.370849609375
496.26315307617188,4.6974225044250488,-992.97357177734375
496.83401489257813,3.706371545791626,-994.0582275390625
496.51348876953125,4.4378519058227539,-995.51385498046875
496.20599365234375,5.2772493362426758,-996.86761474609375
496.57284545898438,5.3114862442016602,-999.4671630859375
495.50753784179688,3.3539190292358398,-1004.1797485351563
496.4405517578125,3.2911090850830078,-1005.0033569335938
497.17947387695313,3.962094783782959,-976.55462646484375
497.22262573242188,5.7679486274719238,-982.8626708984375
497.15863037109375,5.9860959053039551,-985.78802490234375
497.53079223632813,6.098299503326416,-987.47186279296875
496.79934692382813,5.5217328071594238,-988.66400146484375
498.23388671875,4.5821475982666016,-991.27099609375
497.54736328125,4.021237850189209,-992.60491943359375
497.432373046875,4.3913888931274414,-996.65179443359375
496.55889892578125,4.1698317527770996,-1003.5096435546875
497.37066650390625,2.2265870571136475,-1007.3984985351563
499.01205444335938,3.6901164054870605,-974.46478271484375
498.47955322265625,4.216890811920166,-975.96722412109375
497.98519897460938,4.9333944320678711,-978.904541015625
499.10897827148438,4.9636812210083008,-979.9248046875
498.08279418945313,5.5796456336975098,-981.412353515625
497.89886474609375,5.891054630279541,-984.16802978515625
498.345947265625,6.3292999267578125,-986.49908447265625
498.22354125976563,5.9030632972717285,-988.89630126953125
498.99935913085938,5.4200015068054199,-990.14093017578125
499.06246948242188,3.9051578044891357,-992.422607421875
498.38983154296875,2.8549239635467529,-993.73309326171875
499.3470458984375,3.6783382892608643,-995.05810546875
498.84722900390625,4.0191745758056641,-996.46759033203125
499.1298828125,5.0926103591918945,-998.78533935546875
498.66641235351563,5.1412544250488281,-1000.153564453125
498.29351806640625,5.1260156631469727,-1001.584716796875
498.14132690429688,4.9730825424194336,-1003.2244873046875
497.58111572265625,4.3672304153442383,-1004.7718505859375
498.33840942382813,4.6179485321044922,-1006.1331176757813
499.54281616210938,4.559654712677002,-975.40521240234375
499.53732299804688,4.9403691291809082,-976.77764892578125
498.7105712890625,6.2082457542419434,-985.2550048828125
499.6585693359375,6.4345817565917969,-986.37396240234375
499.744384765625,6.0791840553283691,-988.9215087890625
500.55706787109375,5.6031680107116699,-990.111328125
499.82611083984375,4.8153696060180664,-991.27581787109375
500.55160522460938,4.4168243408203125,-992.45501708984375
499.85980224609375,3.7689750194549561,-993.67877197265625
500.22235107421875,4.5965685844421387,-996.14251708984375
499.66897583007813,4.9316248893737793,-997.4732666015625
499.74456787109375,5.7258758544921875,-999.71246337890625
499.24822998046875,5.6878833770751953,-1002.2551879882813
499.70162963867188,5.8887691497802734,-1003.3624267578125
498.89950561523438,5.3033289909362793,-1004.6869506835938
499.6929931640625,5.5051345825195313,-1006.0184936523438
500.11239624023438,4.7058200836181641,-1008.3211059570313
499.93820190429688,2.7209484577178955,-1009.97265625
500.6728515625,4.7328953742980957,-980.14776611328125
501.95669555664063,6.485499382019043,-987.3829345703125
501.25115966796875,6.2160515785217285,-988.7777099609375
501.03140258789063,5.5238490104675293,-997.26171875
500.44149780273438,5.7459011077880859,-998.6187744140625
501.25311279296875,6.0544953346252441,-1006.0166015625
501.2919921875,5.1170125007629395,-1008.4619750976563
500.67941284179688,4.0213818550109863,-1009.3648681640625
501.02276611328125,2.7437233924865723,-1011.453125
501.968994140625,2.0856108665466309,-1012.3905029296875
502.59548950195313,5.0815415382385254,-977.771484375
503.22811889648438,4.4064655303955078,-980.0494384765625
502.7822265625,6.2565164566040039,-988.56182861328125
502.058349609375,4.532376766204834,-992.74969482421875
501.64321899414063,5.1016635894775391,-995.81268310546875
502.37564086914063,5.8638191223144531,-996.978759765625
502.98788452148438,6.2159538269042969,-1006.1084594726563
502.08050537109375,4.6432671546936035,-1009.5875854492188
503.69564819335938,4.9101557731628418,-976.500732421875
504.44021606445313,5.0371913909912109,-977.76324462890625
503.75335693359375,4.8892192840576172,-978.94232177734375
501.54702758789063,6.0229663848876953,-985.13494873046875
503.70562744140625,5.5502152442932129,-985.96917724609375
504.31134033203125,5.9637413024902344,-988.34393310546875
504.9288330078125,5.0397853851318359,-989.4111328125
504.12557983398438,4.849677562713623,-990.67474365234375
503.51947021484375,4.4393024444580078,-993.12994384765625
504.02157592773438,4.8923068046569824,-994.4200439453125
504.64825439453125,5.5939321517944336,-995.58990478515625
503.81448364257813,6.0186338424682617,-996.71478271484375
503.4959716796875,5.8112473487854004,-1007.67822265625
506.88934326171875,4.5930547714233398,-976.220458984375
505.2982177734375,4.8577699661254883,-976.5543212890625
506.08956909179688,5.0265765190124512,-977.70050048828125
505.35504150390625,5.2858543395996094,-979.0594482421875
506.21856689453125,5.4603424072265625,-986.4776611328125
505.69314575195313,5.2947869300842285,-988.06671142578125
505.43463134765625,4.2161130905151367,-990.608642578125
506.49276733398438,4.3151235580444336,-993.644287109375
505.5875244140625,5.0144624710083008,-994.596923828125
505.27230834960938,6.0835976600646973,-996.85260009765625
505.56503295898438,6.2347860336303711,-1005.40771484375
507.50912475585938,4.6086416244506836,-977.635498046875
507.73178100585938,4.9077968597412109,-981.41131591796875
506.50912475585938,5.2455534934997559,-982.2978515625
506.79202270507813,5.4342288970947266,-985.31915283203125
506.90338134765625,4.383878231048584,-987.72369384765625
507.58279418945313,2.5277209281921387,-990.2288818359375
507.2174072265625,2.7315897941589355,-991.63238525390625
507.33502197265625,3.4562232494354248,-992.9349365234375
507.928955078125,4.1905412673950195,-994.18017578125
508.50949096679688,4.7450461387634277,-995.47064208984375
507.43618774414063,5.4957675933837891,-1007.003173828125
507.6484375,4.8207812309265137,-980.0697021484375
508.82235717773438,4.2085962295532227,-982.1636962890625
507.82217407226563,5.0015029907226563,-983.00775146484375
508.36996459960938,3.8560118675231934,-985.54937744140625
507.40948486328125,4.6201543807983398,-986.258544921875
507.9285888671875,3.3697247505187988,-987.08099365234375
507.75601196289063,5.6039643287658691,-996.5380859375
507.43606567382813,6.1368832588195801,-998.03887939453125
508.283447265625,6.0988059043884277,-999.32391357421875
508.80474853515625,6.0149993896484375,-1000.7351684570313
508.28070068359375,5.916776180267334,-1004.7159423828125
507.1341552734375,6.0286049842834473,-1005.7654418945313
508.49703979492188,5.4072871208190918,-1006.0681762695313
509.01742553710938,4.2682328224182129,-980.47509765625
508.28411865234375,2.3797085285186768,-992.676513671875
509.2593994140625,2.2318863868713379,-993.87939453125
509.57586669921875,4.1884465217590332,-995.96929931640625
509.24508666992188,5.113187313079834,-996.8133544921875
508.76937866210938,5.6846218109130859,-997.99908447265625
509.55990600585938,5.5488839149475098,-999.43218994140625
510.1412353515625,5.3647160530090332,-1000.831787109375
509.14288330078125,5.9267082214355469,-1002.09521484375
509.5238037109375,5.287757396697998,-1004.8865966796875
509.61212158203125,4.5698976516723633,-1006.4617919921875
508.73153686523438,4.6982598304748535,-1007.423583984375
510.1746826171875,2.1746630668640137,-995.04937744140625
511.24496459960938,3.0804953575134277,-997.19927978515625
510.10043334960938,5.0101714134216309,-998.1798095703125
510.6885986328125,2.1914124488830566,-1007.8291015625
510.356689453125,2.2019126415252686,-1009.3538818359375
512.27252197265625,2.2231597900390625,-997.1497802734375
512.37823486328125,2.8874948024749756,-1000.6170654296875
510.60317993164063,4.9012503623962402,-1003.4986572265625
510.18154907226563,4.7008810043334961,-1005.2366943359375
511,2.1040716171264648,-1007
509.44219970703125,5.6645078659057617,-1003.477783203125
510.43869018554688,5.1889247894287109,-1002.24560546875
512.11773681640625,2.0670971870422363,-1007.6873168945313
511.28265380859375,2.0671164989471436,-1010.392333984375
509.91360473632813,2.0670971870422363,-1010.8303833007813
507.66445922851563,4.8955221176147461,-1008.1311645507813
506.39788818359375,5.4962778091430664,-1007.9005737304688
504.96701049804688,5.6224417686462402,-1008.2031860351563
503.65078735351563,5.1059246063232422,-1009.2005004882813
502.96151733398438,4.0191745758056641,-1010.536376953125
502.83792114257813,2.6118464469909668,-1011.4672241210938
503.17745971679688,2.0314726829528809,-1012.9859619140625
501.47109985351563,2.0029354095458984,-1013.531982421875
500.59854125976563,2.0041613578796387,-1012.649658203125
499.42364501953125,2.0230181217193604,-1011.4615478515625
498.257080078125,2.0547208786010742,-1010.2819213867188
497.00506591796875,2.0007758140563965,-1009.0158081054688
495.6966552734375,1.9282976388931274,-1007.6926879882813
494.48526000976563,1.8621947765350342,-1006.4677124023438
489.82147216796875,1.9129537343978882,-1007.8628540039063
486.50631713867188,1.7570194005966187,-1008.8545532226563
485.30166625976563,1.657881498336792,-1009.2149047851563
484.32113647460938,1.6655447483062744,-1007.9864501953125
483.16131591796875,1.6845464706420898,-1006.5333251953125
482.08468627929688,1.7246297597885132,-1005.1844482421875
481.064697265625,1.7258287668228149,-1003.9065551757813
478.47280883789063,1.7256325483322144,-1000.6592407226563
482.85369873046875,5.4146714210510254,-1003.9152221679688
478.98529052734375,1.7873196601867676,-998.9266357421875
480.27484130859375,2.8411905765533447,-998.45074462890625
480.6822509765625,4.5990452766418457,-998.17877197265625
481.44415283203125,5.8896493911743164,-997.4144287109375
482.24932861328125,6.2421903610229492,-995.01611328125
482.06112670898438,5.5921893119812012,-993.8074951171875
480.99813842773438,1.8881039619445801,-992.1212158203125
481.76950073242188,2.2126665115356445,-989.5133056640625
483.39486694335938,2.397758960723877,-988.93658447265625
484.90151977539063,2.5090687274932861,-988.4019775390625
489.86331176757813,2.4609253406524658,-986.64129638671875
491.5025634765625,2.430567741394043,-986.05963134765625
491.99508666992188,2.4446365833282471,-983.8267822265625
493.77099609375,3.3591690063476563,-983.406982421875
494.392333984375,4.6524519920349121,-982.990478515625
495.3494873046875,5.2072782516479492,-981.75537109375
495.69683837890625,5.0636348724365234,-980.2081298828125
493.10568237304688,2.9060633182525635,-984.56549072265625
493.52511596679688,2.5427114963531494,-976.8907470703125
495.92926025390625,3.6595215797424316,-977.2406005859375
493.85733032226563,2.6862971782684326,-975.38470458984375
494.99798583984375,2.8856585025787354,-974.87774658203125
496.5086669921875,3.1328258514404297,-974.206298828125
498.0843505859375,3.3941195011138916,-973.5059814453125
499.5087890625,3.7924284934997559,-972.8729248046875
504.27279663085938,4.5296659469604492,-973.94146728515625
505.50143432617188,4.5867629051208496,-974.217041015625
507.907470703125,4.6749110221862793,-974.7567138671875
510.41921997070313,4.3237771987915039,-980.1727294921875
510.22732543945313,4.0907778739929199,-981.40252685546875
509.200927734375,2.8014595508575439,-987.98089599609375
508.6923828125,2.1774179935455322,-991.24017333984375
509.68856811523438,2.0976405143737793,-992.43804931640625
510.6884765625,2.0647611618041992,-993.6405029296875
511.66732788085938,2.0669991970062256,-994.817626953125
512.73773193359375,2.0670261383056641,-996.10479736328125
513.86346435546875,2.0670340061187744,-997.45855712890625
514.893310546875,2.06703782081604,-998.69696044921875
514.05426025390625,2.0670561790466309,-1001.4146728515625
513.03302001953125,2.0670406818389893,-1001.64892578125
511.91830444335938,3.1720664501190186,-1001.9649658203125
511.20565795898438,4.2378640174865723,-1002.50732421875
511.4586181640625,4.3419075012207031,-1000.9896240234375
507.64352416992188,5.9346017837524414,-1001.9488525390625
507.602783203125,5.8221139907836914,-1000.587158203125
507.05075073242188,5.9370498657226563,-999.34808349609375
505.88912963867188,6.1248588562011719,-998.30206298828125
504.53717041015625,6.1172580718994141,-997.8753662109375
503.18341064453125,6.3091788291931152,-998.0003662109375
500.89727783203125,6.2212486267089844,-1000.1100463867188
500.70333862304688,6.2924785614013672,-1001.8999633789063
501.18325805664063,5.6700563430786133,-1003.2105102539063
502.08731079101563,4.9147090911865234,-1004.19580078125
502.99063110351563,5.0436553955078125,-1005.27978515625
504.3050537109375,5.3703832626342773,-1005.6959228515625
506.86077880859375,5.6768908500671387,-1004.5337524414063
508.05355834960938,6.230679988861084,-1003.3551635742188
506.55532836914063,6.0363445281982422,-997.08648681640625
501.98782348632813,6.0871157646179199,-1004.731201171875
505.56619262695313,4.5444607734680176,-981.55316162109375
504.27297973632813,3.8471889495849609,-980.83831787109375
506.2890625,5.3406753540039063,-980.5577392578125
504.645751953125,4.978395938873291,-980.272705078125
500.2020263671875,6.1903786659240723,-985.0908203125
501.07388305664063,5.6327404975891113,-983.99859619140625
501.08157348632813,6.4612822532653809,-986.2354736328125
504.93777465820313,6.1051816940307617,-986.8677978515625
482.09744262695313,2.5233900547027588,-991.35992431640625
485.56015014648438,4.8490562438964844,-989.39813232421875
489.50289916992188,3.8459279537200928,-1006.7289428710938
486.57943725585938,3.5038442611694336,-1006.9962158203125
505.96267700195313,5.9276976585388184,-1006.8446655273438
480.11669921875,2.7392523288726807,-1001.4634399414063
514.47198486328125,2.0670478343963623,-1000.0615844726563
511.69888305664063,2.0671072006225586,-1009.0440063476563
499.49758911132813,3.5337131023406982,-1008.5243530273438
486.92144775390625,4.6661152839660645,-988.8233642578125
510.29409790039063,3.1822099685668945,-996.02081298828125
492.862060546875,3.639911413192749,-1004.809326171875
491.39797973632813,4.0258779525756836,-988.07470703125
480.4969482421875,4.0597062110900879,-999.54986572265625
509.78604125976563,3.4818706512451172,-1007.9579467773438
510.87277221679688,4.7601838111877441,-999.55194091796875
494.23504638671875,5.9717755317687988,-992.092041015625
502.03872680664063,5.7628350257873535,-989.8916015625
488.23138427734375,6.4010534286499023,-992.58258056640625
506.19268798828125,5.605989933013916,-995.8798828125
487.90890502929688,5.7444653511047363,-1000.22265625
493.03640747070313,5.3341431617736816,-989.25811767578125
503.0770263671875,4.6686654090881348,-991.7562255859375
488.29595947265625,5.6397414207458496,-994.93695068359375
485.48782348632813,6.1867027282714844,-1003.4673461914063
500.33148193359375,5.2534298896789551,-982.76165771484375
493.24639892578125,5.9777884483337402,-1001.5322265625
499.45843505859375,5.8709096908569336,-983.94769287109375
490.96807861328125,5.8040690422058105,-996.4901123046875
510.28509521484375,4.0982184410095215,-997.12957763671875
485.32852172851563,3.4010143280029297,-1006.4441528320313
489.11090087890625,3.6907849311828613,-987.58642578125
491.5262451171875,1.9892230033874512,-1007.3528442382813
498.49029541015625,3.339465856552124,-1007.2877807617188
484.53253173828125,4.4906411170959473,-990.50286865234375
488.7816162109375,5.3039646148681641,-999.408935546875
504.574462890625,4.2973251342773438,-991.92572021484375
487.15811157226563,6.4470310211181641,-991.21453857421875
492.73995971679688,5.5465178489685059,-1002.9152221679688
501.510498046875,4.9247426986694336,-991.24627685546875
484.16989135742188,6.1237039566040039,-1003.754150390625
486.83087158203125,6.0955772399902344,-1004.0565185546875
504.64129638671875,4.5466394424438477,-975.35845947265625
502.82061767578125,5.1785621643066406,-990.6572265625
502.02566528320313,5.7824125289916992,-1007.28564453125
487.06732177734375,6.2312664985656738,-1001.3208618164063
490.045166015625,6.3564810752868652,-1004.0398559570313
484.4029541015625,6.3374223709106445,-998.13494873046875
489.37258911132813,5.9577436447143555,-1000.4225463867188
482.91265869140625,4.032799243927002,-1004.6753540039063
502.16629028320313,4.9954543113708496,-976.2386474609375
500.79568481445313,4.2970485687255859,-994.8289794921875
491.449951171875,6.2402791976928711,-995.11944580078125
488.192626953125,1.839763879776001,-1008.35009765625
506.08761596679688,3.8224594593048096,-992.0455322265625
502.179931640625,4.7204799652099609,-979.20465087890625
511.24722290039063,2.2005281448364258,-996.1375732421875
484.67471313476563,6.385627269744873,-996.53521728515625
484.10421752929688,3.7203319072723389,-1005.6453857421875
504.52191162109375,6.1748523712158203,-1006.6814575195313
488.73300170898438,4.9392552375793457,-995.94891357421875
481.498046875,4.4975991249084473,-1002.0130004882813
485.57662963867188,5.9619956016540527,-997.39093017578125
502.39517211914063,4.5603628158569336,-994.37908935546875
488.52542114257813,6.2435503005981445,-1001.5243530273438
513.309814453125,2.1129603385925293,-1000.6265869140625
500.56341552734375,5.4340496063232422,-1007.2205200195313
492.2091064453125,2.7938930988311768,-1005.82958984375
503.54525756835938,5.6066217422485352,-989.59027099609375
488.7572021484375,4.9768991470336914,-1006.2426147460938
499.60037231445313,5.8287453651428223,-1000.9722290039063
486.75717163085938,5.217191219329834,-997.3916015625
495.09622192382813,2.340064525604248,-1005.1648559570313
495.61489868164063,4.7170615196228027,-1002.2403564453125
508.36349487304688,3.1022951602935791,-993.76776123046875
501.15985107421875,4.3083076477050781,-993.6348876953125
509.18734741210938,3.41739821434021,-994.87969970703125
488.12777709960938,4.4531574249267578,-997.2347412109375
488.37359619140625,6.1351680755615234,-989.91009521484375
512.34515380859375,2.8348484039306641,-998.19183349609375
483.74618530273438,6.2799162864685059,-999.42669677734375
505.8974609375,4.5617270469665527,-975.5194091796875
508.64938354492188,4.1362829208374023,-983.8236083984375
502.5452880859375,5.3464231491088867,-1008.4837036132813
481.69046020507813,2.7531876564025879,-992.9837646484375
499.60260009765625,5.1519122123718262,-981.38385009765625
485.03179931640625,6.2770910263061523,-999.6851806640625
493.54513549804688,4.5189647674560547,-1003.7542724609375
497.40798950195313,3.3150293827056885,-1006.138427734375
507.10894775390625,5.0246882438659668,-995.012451171875
511.25335693359375,4.0069413185119629,-998.2779541015625
500.94876098632813,4.4984912872314453,-981.64111328125
494.46218872070313,5.8095912933349609,-994.64581298828125
489.77059936523438,5.4658069610595703,-989.26507568359375
496.98239135742188,4.9768857955932617,-998.034912109375
509.97637939453125,3.7578682899475098,-983.010986328125
490.0640869140625,2.765068531036377,-1007.0289916992188
486.4268798828125,5.3931446075439453,-1005.3873291015625
497.62307739257813,3.432126522064209,-975.12689208984375
500.97164916992188,4.1202669143676758,-973.2010498046875
483.26089477539063,6.0791335105895996,-993.928466796875
495.98956298828125,5.0361876487731934,-989.853271484375
493.26638793945313,2.0418212413787842,-1006.832275390625
494.13925170898438,5.1190342903137207,-1002.4964599609375
496.137939453125,5.1771144866943359,-1000.9225463867188
497.82669067382813,4.9246392250061035,-999.125
495.77120971679688,5.4015669822692871,-983.0155029296875
513.2413330078125,2.3578827381134033,-999.16131591796875
506.55450439453125,3.3324556350708008,-990.35772705078125
491.87139892578125,6.1951336860656738,-991.195556640625
508.2498779296875,4.4799013137817383,-978.96038818359375
500.46365356445313,6.4438567161560059,-987.583251953125
503.09988403320313,5.4270148277282715,-995.55938720703125
500.948486328125,5.1256952285766602,-977.3060302734375
490.83969116210938,6.2566819190979004,-1000.4307250976563
495.82916259765625,5.8925418853759766,-998.31103515625
499.22958374023438,4.6890573501586914,-1007.3433227539063
488.47021484375,6.3397374153137207,-1004.1200561523438
508.51513671875,4.6468281745910645,-976.0670166015625
497.29275512695313,5.3297724723815918,-980.19781494140625
498.99490356445313,6.3366856575012207,-987.68817138671875
505.05810546875,4.39764404296875,-993.28790283203125
512.01910400390625,3.6135237216949463,-999.48150634765625
495.1136474609375,5.6168951988220215,-990.897216796875
507.43655395507813,3.1199712753295898,-988.728515625
488.83004760742188,6.3627948760986328,-991.35723876953125
501.91934204101563,6.2356967926025391,-998.6783447265625
500.3958740234375,6.0220170021057129,-1004.6532592773438
499.461181640625,4.9348807334899902,-978.2752685546875
497.4024658203125,4.6441073417663574,-1000.5227661132813
497.07913208007813,4.3827648162841797,-1002.0050048828125
486.53854370117188,2.5466251373291016,-987.821044921875
506.87518310546875,5.056119441986084,-978.972412109375
509.70004272460938,3.36895751953125,-984.781982421875
483.25308227539063,6.2783441543579102,-1002.5415649414063
489.8966064453125,5.6734862327575684,-995.30096435546875
498.26058959960938,4.6481060981750488,-977.43841552734375
483.97171020507813,5.0715794563293457,-1004.8604736328125
485.67822265625,6.2249240875244141,-992.078369140625
492.88272094726563,6.4100909233093262,-998.88079833984375
495.01101684570313,5.5793185234069824,-993.3187255859375
488.39263916015625,5.0314640998840332,-988.58514404296875
490.53903198242188,6.4158782958984375,-1002.7642822265625
492.79635620117188,6.3266520500183105,-992.25665283203125
506.18865966796875,4.1834311485290527,-989.13665771484375
496.17929077148438,2.1173806190490723,-1006.1931762695313
490.26107788085938,4.7709097862243652,-1005.9263916015625
501.50363159179688,3.5810286998748779,-1010.62548828125
498.635009765625,2.2929019927978516,-1008.6424560546875
482.08514404296875,2.8815047740936279,-1004.1262817382813
491.6695556640625,6.2373108863830566,-1001.8635864257813
481.86492919921875,4.2823276519775391,-993.3116455078125
490.03500366210938,5.7210226058959961,-999.2142333984375
498.77151489257813,5.726569652557373,-982.71673583984375
498.32232666015625,4.4020953178405762,-997.82672119140625
482.5867919921875,5.863551139831543,-999.9803466796875
495.52005004882813,5.4018878936767578,-992.11029052734375
500.7261962890625,4.8925232887268066,-975.79571533203125
486.76568603515625,6.1096301078796387,-994.71319580078125
497.82440185546875,3.5334827899932861,-995.3233642578125
493.417724609375,6.4101357460021973,-997.4285888671875
480.12939453125,1.7256460189819336,-1002.7347412109375
510.55117797851563,3.2886090278625488,-1006.4153442382813
481.34042358398438,2.0004360675811768,-990.9639892578125
508.56185913085938,3.9598581790924072,-1008.6272583007813
500.22964477539063,4.0988788604736328,-974.39251708984375
509.10491943359375,2.479982852935791,-1009.1375732421875
509.42718505859375,3.0991506576538086,-986.5308837890625
508.95623779296875,2.4709367752075195,-989.5491943359375
505.50588989257813,4.760838508605957,-1004.9622802734375
506.63894653320313,5.3398466110229492,-983.86578369140625
502.7698974609375,4.4327235221862793,-973.6043701171875
503.19046020507813,4.6474804878234863,-975.15966796875
496.8846435546875,4.384587287902832,-977.9912109375
495.44393920898438,4.3357524871826172,-978.87890625
501.68658447265625,4.5008859634399414,-974.8704833984375
503.47128295898438,6.4369144439697266,-987.1595458984375
490.7178955078125,3.1336805820465088,-987.43194580078125
487.6295166015625,3.7240891456604004,-988.1488037109375
493.8973388671875,4.0517797470092773,-984.52197265625
488.26385498046875,2.4889342784881592,-987.2088623046875
504.6123046875,3.0787427425384521,-985.1268310546875
502.27496337890625,4.9833636283874512,-985.00537109375
502.5303955078125,6.2863545417785645,-985.96148681640625
502.72720336914063,3.9381852149963379,-1004.5718383789063
504.91275024414063,5.0056428909301758,-985.69256591796875
507.08200073242188,5.4401359558105469,-1003.3485107421875
504.11209106445313,4.1109280586242676,-1005.3999633789063
507.7288818359375,4.8264250755310059,-984.656982421875
506.76968383789063,4.7116942405700684,-1003.7431640625
501.70867919921875,4.680293083190918,-983.300537109375
501.87509155273438,4.1832785606384277,-980.46917724609375
505.92251586914063,4.709139347076416,-984.97607421875
502.23495483398438,3.6086690425872803,-984.47979736328125
509.94265747070313,4.453038215637207,-979.1451416015625
505.06671142578125,3.2359364032745361,-1004.7705078125
501.86697387695313,3.6402184963226318,-982.1585693359375
506.10140991210938,4.340367317199707,-983.34423828125
503.6165771484375,4.2719931602478027,-985.53900146484375
509.20925903320313,4.6088132858276367,-977.563720703125
494.98345947265625,2.6861634254455566,-978.050537109375
500.80984497070313,4.9538254737854004,-978.76678466796875
491.73001098632813,2.4340527057647705,-985.02850341796875
503.23480224609375,2.9195492267608643,-1004.7561645507813
506.1417236328125,3.4099674224853516,-1004.2845458984375
482.11746215820313,6.3020243644714355,-996.0318603515625
479.0362548828125,1.7286140918731689,-1001.3651733398438
503.13412475585938,3.2760021686553955,-980.947265625
503.48617553710938,3.2275660037994385,-985.2012939453125
506.94131469726563,4.6393933296203613,-974.5400390625
510.55631617445783,5.1269048690192864,-1005.4317668502306
511.02552750410337,3.5984062095188802,-1006.6128745747172
510.55117797851563,3.2886090278625488,-1006.4153442382813
510.18154907226563,4.7008810043334961,-1005.2366943359375
511.02552750410337,3.5984062095188802,-1006.6128745747172
511.32134679842864,2.6062068082519501,-1007.0677973817565
511,2.1040716171264648,-1007
510.55117797851563,3.2886090278625488,-1006.4153442382813
511.32134679842864,2.6062068082519501,-1007.0677973817565
512.16831351021563,2.6647916973116796,-1007.6730596003601
512.11773681640625,2.0670971870422363,-1007.6873168945313
511,2.1040716171264648,-1007
512.16831351021563,2.6647916973116796,-1007.6730596003601
511.75894701816958,2.6638975152412923,-1009.0592916642287
511.69888305664063,2.0671072006225586,-1009.0440063476563
512.11773681640625,2.0670971870422363,-1007.6873168945313
511.75894701816958,2.6638975152412923,-1009.0592916642287
511.32458105445721,2.6643028345329549,-1010.4324660992445
511.28265380859375,2.0671164989471436,-1010.392333984375
511.69888305664063,2.0671072006225586,-1009.0440063476563
511.32458105445721,2.6643028345329549,-1010.4324660992445
509.98061262035912,2.6587178556817603,-1010.9045110817827
509.91360473632813,2.0670971870422363,-1010.8303833007813
511.28265380859375,2.0671164989471436,-1010.392333984375
509.98061262035912,2.6587178556817603,-1010.9045110817827
509.27879584505007,2.9508870102467659,-1009.4662315269854
509.10491943359375,2.479982852935791,-1009.1375732421875
509.91360473632813,2.0670971870422363,-1010.8303833007813
509.27879584505007,2.9508870102467659,-1009.4662315269854
508.8788290298919,4.334587802668886,-1008.9723782687946
508.56185913085938,3.9598581790924072,-1008.6272583007813
509.10491943359375,2.479982852935791,-1009.1375732421875
508.8788290298919,4.334587802668886,-1008.9723782687946
507.90681346220464,5.3820287736911681,-1008.3852820413369
507.66445922851563,4.8955221176147461,-1008.1311645507813
508.56185913085938,3.9598581790924072,-1008.6272583007813
507.90681346220464,5.3820287736911681,-1008.3852820413369
506.54427572581625,6.0432064917685349,-1008.0991680496313
506.39788818359375,5.4962778091430664,-1007.9005737304688
507.66445922851563,4.8955221176147461,-1008.1311645507813
506.54427572581625,6.0432064917685349,-1008.0991680496313
505.00338965271123,6.1835232833053206,-1008.4126235939029
504.96701049804688,5.6224417686462402,-1008.2031860351563
506.39788818359375,5.4962778091430664,-1007.9005737304688
505.00338965271123,6.1835232833053206,-1008.4126235939029
503.6007100061878,5.6272958622794764,-1009.493185084301
503.65078735351563,5.1059246063232422,-1009.2005004882813
504.96701049804688,5.6224417686462402,-1008.2031860351563
503.6007100061878,5.6272958622794764,-1009.493185084301
502.8840315629335,4.4406047836020592,-1010.9563680664136
502.96151733398438,4.0191745758056641,-1010.536376953125
503.65078735351563,5.1059246063232422,-1009.2005004882813
502.8840315629335,4.4406047836020592,-1010.9563680664136
502.81289558960032,3.0751965471207297,-1011.847592897951
502.83792114257813,2.6118464469909668,-1011.4672241210938
502.96151733398438,4.0191745758056641,-1010.536376953125
502.81289558960032,3.0751965471207297,-1011.847592897951
503.13488658271359,2.6135187197462892,-1013.1252814722997
503.17745971679688,2.0314726829528809,-1012.9859619140625
502.83792114257813,2.6118464469909668,-1011.4672241210938
503.13488658271359,2.6135187197462892,-1013.1252814722997
501.45842021997083,2.6016073606556791,-1013.569812593003
501.47109985351563,2.0029354095458984,-1013.531982421875
503.17745971679688,2.0314726829528809,-1012.9859619140625
501.45842021997083,2.6016073606556791,-1013.569812593003
500.52028696971894,2.5631787892079578,-1012.8530685705117
500.59854125976563,2.0041613578796387,-1012.649658203125
501.47109985351563,2.0029354095458984,-1013.531982421875
500.52028696971894,2.5631787892079578,-1012.8530685705117
499.20936196838102,2.5478746675874917,-1011.6580380046214
499.42364501953125,2.0230181217193604,-1011.4615478515625
500.59854125976563,2.0041613578796387,-1012.649658203125
499.20936196838102,2.5478746675874917,-1011.6580380046214
498.09349697655682,2.6238008797611716,-1010.3788157681914
498.257080078125,2.0547208786010742,-1010.2819213867188
499.42364501953125,2.0230181217193604,-1011.4615478515625
498.09349697655682,2.6238008797611716,-1010.3788157681914
496.91282310282639,2.5903454314408001,-1009.0782495124982
497.00506591796875,2.0007758140563965,-1009.0158081054688
498.257080078125,2.0547208786010742,-1010.2819213867188
496.91282310282639,2.5903454314408001,-1009.0782495124982
495.60552739200068,2.5191534521080459,-1007.7435320362611
495.6966552734375,1.9282976388931274,-1007.6926879882813
497.00506591796875,2.0007758140563965,-1009.0158081054688
495.60552739200068,2.5191534521080459,-1007.7435320362611
494.46603679846658,2.4490486725168603,-1006.5911343328031
494.48526000976563,1.8621947765350342,-1006.4677124023438
495.6966552734375,1.9282976388931274,-1007.6926879882813
494.46603679846658,2.4490486725168603,-1006.5911343328031
493.424984065503,2.5975804342344304,-1006.9934553780876
493.26638793945313,2.0418212413787842,-1006.832275390625
494.48526000976563,1.8621947765350342,-1006.4677124023438
493.424984065503,2.5975804342344304,-1006.9934553780876
491.66929500614003,2.4403341241291043,-1007.7216741259176
491.5262451171875,1.9892230033874512,-1007.3528442382813
493.26638793945313,2.0418212413787842,-1006.832275390625
491.66929500614003,2.4403341241291043,-1007.7216741259176
489.94636506228113,2.2976421887521608,-1008.3060430809792
489.82147216796875,1.9129537343978882,-1007.8628540039063
491.5262451171875,1.9892230033874512,-1007.3528442382813
489.94636506228113,2.2976421887521608,-1008.3060430809792
488.24192933912303,2.2794698856768978,-1008.755348076496
488.192626953125,1.839763879776001,-1008.35009765625
489.82147216796875,1.9129537343978882,-1007.8628540039063
488.24192933912303,2.2794698856768978,-1008.755348076496
486.49466263983197,2.2995145219971409,-1009.1106063732196
486.50631713867188,1.7570194005966187,-1008.8545532226563
488.192626953125,1.839763879776001,-1008.35009765625
486.49466263983197,2.2995145219971409,-1009.1106063732196
485.22191009575067,2.2307106814048439,-1009.3746097673178
485.30166625976563,1.657881498336792,-1009.2149047851563
486.50631713867188,1.7570194005966187,-1008.8545532226563
485.22191009575067,2.2307106814048439,-1009.3746097673178
484.14624147879829,2.2142794769500114,-1008.1546819937946
484.32113647460938,1.6655447483062744,-1007.9864501953125
485.30166625976563,1.657881498336792,-1009.2149047851563
484.14624147879829,2.2142794769500114,-1008.1546819937946
482.91243841479491,2.1463516156038565,-1006.8245227167662
483.16131591796875,1.6845464706420898,-1006.5333251953125
484.32113647460938,1.6655447483062744,-1007.9864501953125
482.91243841479491,2.1463516156038565,-1006.8245227167662
481.71308684403692,2.0595896465788894,-1005.515681896812
482.08468627929688,1.7246297597885132,-1005.1844482421875
483.16131591796875,1.6845464706420898,-1006.5333251953125
481.71308684403692,2.0595896465788894,-1005.515681896812
480.6591648889052,2.0459915079202937,-1004.2115786349527
481.064697265625,1.7258287668228149,-1003.9065551757813
482.08468627929688,1.7246297597885132,-1005.1844482421875
480.6591648889052,2.0459915079202937,-1004.2115786349527
479.74479727650686,2.0787087220510037,-1003.0304296945576
480.12939453125,1.7256460189819336,-1002.7347412109375
481.064697265625,1.7258287668228149,-1003.9065551757813
479.74479727650686,2.0787087220510037,-1003.0304296945576
478.68417865014243,2.1743995192664776,-1001.5583511830675
479.0362548828125,1.7286140918731689,-1001.3651733398438
480.12939453125,1.7256460189819336,-1002.7347412109375
478.68417865014243,2.1743995192664776,-1001.5583511830675
478.15043820715141,2.2287288881691416,-1000.7137498895871
478.47280883789063,1.7256325483322144,-1000.6592407226563
479.0362548828125,1.7286140918731689,-1001.3651733398438
478.15043820715141,2.2287288881691416,-1000.7137498895871
478.60371603860347,2.2431859744268006,-998.84547655858034
478.98529052734375,1.7873196601867676,-998.9266357421875
478.47280883789063,1.7256325483322144,-1000.6592407226563
478.60371603860347,2.2431859744268006,-998.84547655858034
479.75286239296724,3.1239647577062342,-998.3636999615527
480.27484130859375,2.8411905765533447,-998.45074462890625
478.98529052734375,1.7873196601867676,-998.9266357421875
479.75286239296724,3.1239647577062342,-998.3636999615527
480.15908078640012,4.8874870262539307,-998.23439848797227
480.6822509765625,4.5990452766418457,-998.17877197265625
480.27484130859375,2.8411905765533447,-998.45074462890625
480.15908078640012,4.8874870262539307,-998.23439848797227
481.17883080818439,6.4152625088216508,-997.52990630278487
481.44415283203125,5.8896493911743164,-997.4144287109375
480.6822509765625,4.5990452766418457,-998.17877197265625
481.17883080818439,6.4152625088216508,-997.52990630278487
482.01846109318899,6.89369201141389,-996.04318221923756
482.11746215820313,6.3020243644714355,-996.0318603515625
481.44415283203125,5.8896493911743164,-997.4144287109375
482.01846109318899,6.89369201141389,-996.04318221923756
482.14566792095593,6.8153814043369385,-994.87221578741753
482.24932861328125,6.2421903610229492,-995.01611328125
482.11746215820313,6.3020243644714355,-996.0318603515625
482.14566792095593,6.8153814043369385,-994.87221578741753
481.7876621045815,6.0229951773511026,-993.49186334359422
482.06112670898438,5.5921893119812012,-993.8074951171875
482.24932861328125,6.2421903610229492,-995.01611328125
481.7876621045815,6.0229951773511026,-993.49186334359422
481.39817429676265,4.4945914511673433,-993.00006254841537
481.86492919921875,4.2823276519775391,-993.3116455078125
482.06112670898438,5.5921893119812012,-993.8074951171875
481.39817429676265,4.4945914511673433,-993.00006254841537
481.19543944095312,3.0261140606498866,-992.78260396403391
481.69046020507813,2.7531876564025879,-992.9837646484375
481.86492919921875,4.2823276519775391,-993.3116455078125
481.19543944095312,3.0261140606498866,-992.78260396403391
480.65105542583018,2.3668455915513942,-992.01953080730379
480.99813842773438,1.8881039619445801,-992.1212158203125
481.69046020507813,2.7531876564025879,-992.9837646484375
480.65105542583018,2.3668455915513942,-992.01953080730379
481.01284464783038,2.5018353076223114,-990.92806095873777
481.34042358398438,2.0004360675811768,-990.9639892578125
480.99813842773438,1.8881039619445801,-992.1212158203125
481.01284464783038,2.5018353076223114,-990.92806095873777
481.48189645951948,2.7252854965814941,-989.39286664057408
481.76950073242188,2.2126665115356445,-989.5133056640625
481.34042358398438,2.0004360675811768,-990.9639892578125
481.48189645951948,2.7252854965814941,-989.39286664057408
483.20263624561449,2.8613906532654751,-988.60780945457316
483.39486694335938,2.397758960723877,-988.93658447265625
481.76950073242188,2.2126665115356445,-989.5133056640625
483.20263624561449,2.8613906532654751,-988.60780945457316
484.69415642982005,2.8891682796720537,-987.98661652338183
484.90151977539063,2.5090687274932861,-988.4019775390625
483.39486694335938,2.397758960723877,-988.93658447265625
484.69415642982005,2.8891682796720537,-987.98661652338183
486.35979741466917,2.8548470334604445,-987.33829340421119
486.53854370117188,2.5466251373291016,-987.821044921875
484.90151977539063,2.5090687274932861,-988.4019775390625
486.35979741466917,2.8548470334604445,-987.33829340421119
488.08997147915585,2.7743975519596242,-986.7105900422946
488.26385498046875,2.4889342784881592,-987.2088623046875
486.53854370117188,2.5466251373291016,-987.821044921875
488.08997147915585,2.7743975519596242,-986.7105900422946
489.80074274684392,2.8687045815582848,-986.20563458172478
489.86331176757813,2.4609253406524658,-986.64129638671875
488.26385498046875,2.4889342784881592,-987.2088623046875
489.80074274684392,2.8687045815582848,-986.20563458172478
491.30206479530796,2.942037389096388,-985.8183864963238
491.5025634765625,2.430567741394043,-986.05963134765625
489.86331176757813,2.4609253406524658,-986.64129638671875
491.30206479530796,2.942037389096388,-985.8183864963238
491.49357629867757,2.9801335845488892,-984.95172899317799
491.73001098632813,2.4340527057647705,-985.02850341796875
491.5025634765625,2.430567741394043,-986.05963134765625
491.49357629867757,2.9801335845488892,-984.95172899317799
491.75961619999549,2.9964212348083423,-983.83612867956083
491.99508666992188,2.4446365833282471,-983.8267822265625
491.73001098632813,2.4340527057647705,-985.02850341796875
491.75961619999549,2.9964212348083423,-983.83612867956083
493.31667158663998,3.7462773913965117,-983.34585680969724
493.77099609375,3.3591690063476563,-983.406982421875
491.99508666992188,2.4446365833282471,-983.8267822265625
493.31667158663998,3.7462773913965117,-983.34585680969724
494.00163032410757,5.1077912400299104,-982.98637740736137
494.392333984375,4.6524519920349121,-982.990478515625
493.77099609375,3.3591690063476563,-983.406982421875
494.00163032410757,5.1077912400299104,-982.98637740736137
495.13891514018627,5.7678806404185492,-981.71816457225214
495.3494873046875,5.2072782516479492,-981.75537109375
494.392333984375,4.6524519920349121,-982.990478515625
495.13891514018627,5.7678806404185492,-981.71816457225214
495.55812359683478,5.623184576243891,-980.04180989542692
495.69683837890625,5.0636348724365234,-980.2081298828125
495.3494873046875,5.2072782516479492,-981.75537109375
495.55812359683478,5.623184576243891,-980.04180989542692
495.1779775293391,4.803355364970213,-978.61317718940438
495.44393920898438,4.3357524871826172,-978.87890625
495.69683837890625,5.0636348724365234,-980.2081298828125
495.1779775293391,4.803355364970213,-978.61317718940438
494.6254805200951,3.1617391833093729,-977.97517950819577
494.98345947265625,2.6861634254455566,-978.050537109375
495.44393920898438,4.3357524871826172,-978.87890625
494.6254805200951,3.1617391833093729,-977.97517950819577
493.46053079767881,3.138499953765729,-976.92015574154959
493.52511596679688,2.5427114963531494,-976.8907470703125
494.98345947265625,2.6861634254455566,-978.050537109375
493.46053079767881,3.138499953765729,-976.92015574154959
493.79016424037019,3.2801478816453198,-975.4379028937791
493.85733032226563,2.6862971782684326,-975.38470458984375
493.52511596679688,2.5427114963531494,-976.8907470703125
493.79016424037019,3.2801478816453198,-975.4379028937791
494.88034229429434,3.4733031316737315,-974.90662193633841
494.99798583984375,2.8856585025787354,-974.87774658203125
493.85733032226563,2.6862971782684326,-975.38470458984375
494.88034229429434,3.4733031316737315,-974.90662193633841
496.3894982393727,3.7197062181162761,-974.16928202703434
496.5086669921875,3.1328258514404297,-974.206298828125
494.99798583984375,2.8856585025787354,-974.87774658203125
496.3894982393727,3.7197062181162761,-974.16928202703434
497.94456690232556,3.9763631833632327,-973.46786561819818
498.0843505859375,3.3941195011138916,-973.5059814453125
496.5086669921875,3.1328258514404297,-974.206298828125
497.94456690232556,3.9763631833632327,-973.46786561819818
499.34945699720078,4.3698971098840831,-972.83911223219343
499.5087890625,3.7924284934997559,-972.8729248046875
498.0843505859375,3.3941195011138916,-973.5059814453125
499.34945699720078,4.3698971098840831,-972.83911223219343
500.860751970754,4.7046406752786618,-973.12225184294061
500.97164916992188,4.1202669143676758,-973.2010498046875
499.5087890625,3.7924284934997559,-972.8729248046875
500.860751970754,4.7046406752786618,-973.12225184294061
502.72143981069979,5.0251021073109898,-973.52227585417791
502.7698974609375,4.4327235221862793,-973.6043701171875
500.97164916992188,4.1202669143676758,-973.2010498046875
502.72143981069979,5.0251021073109898,-973.52227585417791
504.27113345270931,5.1288233009884383,-973.90972301082809
504.27279663085938,4.5296659469604492,-973.94146728515625
502.7698974609375,4.4327235221862793,-973.6043701171875
504.27113345270931,5.1288233009884383,-973.90972301082809
505.48037179544741,5.1862868854120059,-974.22832670813057
505.50143432617188,4.5867629051208496,-974.217041015625
504.27279663085938,4.5296659469604492,-973.94146728515625
505.48037179544741,5.1862868854120059,-974.22832670813057
506.91405648225282,5.2385342698093673,-974.55698378155205
506.94131469726563,4.6393933296203613,-974.5400390625
505.50143432617188,4.5867629051208496,-974.217041015625
506.91405648225282,5.2385342698093673,-974.55698378155205
507.885775374025,5.2742354947922268,-974.77513910072321
507.907470703125,4.6749110221862793,-974.7567138671875
506.94131469726563,4.6393933296203613,-974.5400390625
507.885775374025,5.2742354947922268,-974.77513910072321
508.502832399,5.2465676038126334,-976.07971387498935
508.51513671875,4.6468281745910645,-976.0670166015625
507.907470703125,4.6749110221862793,-974.7567138671875
508.502832399,5.2465676038126334,-976.07971387498935
509.21130226198028,5.207264268484165,-977.60675843742411
509.20925903320313,4.6088132858276367,-977.563720703125
508.51513671875,4.6468281745910645,-976.0670166015625
509.21130226198028,5.207264268484165,-977.60675843742411
509.94160849481875,5.048613024810134,-979.21787086890538
509.94265747070313,4.453038215637207,-979.1451416015625
509.20925903320313,4.6088132858276367,-977.563720703125
509.94160849481875,5.048613024810134,-979.21787086890538
510.41622056623925,4.9162132473606377,-980.26765331390072
510.41921997070313,4.3237771987915039,-980.1727294921875
509.94265747070313,4.453038215637207,-979.1451416015625
510.41622056623925,4.9162132473606377,-980.26765331390072
510.29057005821102,4.6801147586823095,-981.49570493520196
510.22732543945313,4.0907778739929199,-981.40252685546875
510.41921997070313,4.3237771987915039,-980.1727294921875
510.29057005821102,4.6801147586823095,-981.49570493520196
510.16289505437089,4.3169145547015049,-983.12358820421593
509.97637939453125,3.7578682899475098,-983.010986328125
510.22732543945313,4.0907778739929199,-981.40252685546875
510.16289505437089,4.3169145547015049,-983.12358820421593
509.95751726255401,3.8939338727453428,-984.9165435264938
509.70004272460938,3.36895751953125,-984.781982421875
509.97637939453125,3.7578682899475098,-983.010986328125
509.95751726255401,3.8939338727453428,-984.9165435264938
509.62564617683955,3.6419578511958095,-986.69204685922341
509.42718505859375,3.0991506576538086,-986.5308837890625
509.70004272460938,3.36895751953125,-984.781982421875
509.62564617683955,3.6419578511958095,-986.69204685922341
509.35843845323222,3.3636238712529121,-988.11932160903984
509.200927734375,2.8014595508575439,-987.98089599609375
509.42718505859375,3.0991506576538086,-986.5308837890625
509.35843845323222,3.3636238712529121,-988.11932160903984
509.07883975970606,3.0375608979591968,-989.70380953980839
508.95623779296875,2.4709367752075195,-989.5491943359375
509.200927734375,2.8014595508575439,-987.98089599609375
509.07883975970606,3.0375608979591968,-989.70380953980839
508.84393046810442,2.7579548597700398,-991.24337568820533
508.6923828125,2.1774179935455322,-991.24017333984375
508.95623779296875,2.4709367752075195,-989.5491943359375
508.84393046810442,2.7579548597700398,-991.24337568820533
509.7844891397225,2.688807283648734,-992.40170364312655
509.68856811523438,2.0976405143737793,-992.43804931640625
508.6923828125,2.1774179935455322,-991.24017333984375
509.7844891397225,2.688807283648734,-992.40170364312655
510.74432953300214,2.6613719942451497,-993.60990946142704
510.6884765625,2.0647611618041992,-993.6405029296875
509.68856811523438,2.0976405143737793,-992.43804931640625
510.74432953300214,2.6613719942451497,-993.60990946142704
511.70930171141242,2.6640652150349289,-994.77578955760316
511.66732788085938,2.0669991970062256,-994.817626953125
510.6884765625,2.0647611618041992,-993.6405029296875
511.70930171141242,2.6640652150349289,-994.77578955760316
512.79561667216967,2.6616241972707719,-996.04909722580453
512.73773193359375,2.0670261383056641,-996.10479736328125
511.66732788085938,2.0669991970062256,-994.817626953125
512.79561667216967,2.6616241972707719,-996.04909722580453
514.00191842927302,2.6405425077381555,-997.34938539255802
513.86346435546875,2.0670340061187744,-997.45855712890625
512.73773193359375,2.0670261383056641,-996.10479736328125
514.00191842927302,2.6405425077381555,-997.34938539255802
514.99250610424804,2.658520177135097,-998.67938593469603
514.893310546875,2.06703782081604,-998.69696044921875
513.86346435546875,2.0670340061187744,-997.45855712890625
514.99250610424804,2.658520177135097,-998.67938593469603
514.5424740038294,2.6610837750033101,-1000.1079804027796
514.47198486328125,2.0670478343963623,-1000.0615844726563
514.893310546875,2.06703782081604,-998.69696044921875
514.5424740038294,2.6610837750033101,-1000.1079804027796
514.07147925016818,2.6665189522049895,-1001.4333246548271
514.05426025390625,2.0670561790466309,-1001.4146728515625
514.47198486328125,2.0670478343963623,-1000.0615844726563
514.07147925016818,2.6665189522049895,-1001.4333246548271
513.32078687843534,2.588267748928871,-1001.7231725283125
513.03302001953125,2.0670406818389893,-1001.64892578125
514.05426025390625,2.0670561790466309,-1001.4146728515625
513.32078687843534,2.588267748928871,-1001.7231725283125
512.40668218333963,3.5080309129029925,-1002.0577831831174
511.91830444335938,3.1720664501190186,-1001.9649658203125
513.03302001953125,2.0670406818389893,-1001.64892578125
512.40668218333963,3.5080309129029925,-1002.0577831831174
511.68303216116971,4.592825989515001,-1002.5855282435928
511.20565795898438,4.2378640174865723,-1002.50732421875
511.91830444335938,3.1720664501190186,-1001.9649658203125
511.68303216116971,4.592825989515001,-1002.5855282435928
510.97137859428454,5.366686789162002,-1003.5869673475383
510.60317993164063,4.9012503623962402,-1003.4986572265625
511.20565795898438,4.2378640174865723,-1002.50732421875
510.97137859428454,5.366686789162002,-1003.5869673475383
510.55631617445783,5.1269048690192864,-1005.4317668502306
510.18154907226563,4.7008810043334961,-1005.2366943359375
510.60317993164063,4.9012503623962402,-1003.4986572265625
507.51302975005734,6.4141108032833225,-1000.6256821132681
507.00382531716031,6.5293569874132382,-999.43157169284723
507.05075073242188,5.9370498657226563,-999.34808349609375
507.602783203125,5.8221139907836914,-1000.587158203125
507.00382531716031,6.5293569874132382,-999.43157169284723
505.89607739302738,6.7248178944933148,-998.30112432914075
505.88912963867188,6.1248588562011719,-998.30206298828125
507.05075073242188,5.9370498657226563,-999.34808349609375
505.89607739302738,6.7248178944933148,-998.30112432914075
504.55507738706524,6.7148660669778604,-997.82492788824231
504.53717041015625,6.1172580718994141,-997.8753662109375
505.88912963867188,6.1248588562011719,-998.30206298828125
504.55507738706524,6.7148660669778604,-997.82492788824231
503.13793701503903,6.8899936876025434,-997.85688712092212
503.18341064453125,6.3091788291931152,-998.0003662109375
504.53717041015625,6.1172580718994141,-997.8753662109375
503.13793701503903,6.8899936876025434,-997.85688712092212
501.75758386129655,6.7928238673228556,-998.52523132444639
501.91934204101563,6.2356967926025391,-998.6783447265625
503.18341064453125,6.3091788291931152,-998.0003662109375
501.75758386129655,6.7928238673228556,-998.52523132444639
500.69864230105941,6.7804602756272176,-1000.0215802488484
500.89727783203125,6.2212486267089844,-1000.1100463867188
501.91934204101563,6.2356967926025391,-998.6783447265625
500.69864230105941,6.7804602756272176,-1000.0215802488484
500.55729004080365,6.8727350498149224,-1001.9443730544141
500.70333862304688,6.2924785614013672,-1001.8999633789063
500.89727783203125,6.2212486267089844,-1000.1100463867188
500.55729004080365,6.8727350498149224,-1001.9443730544141
501.37450070057452,6.2300599837879389,-1003.1114033745614
501.18325805664063,5.6700563430786133,-1003.2105102539063
500.70333862304688,6.2924785614013672,-1001.8999633789063
501.37450070057452,6.2300599837879389,-1003.1114033745614
502.53694110274307,5.0913740900154023,-1003.8399608439682
502.08731079101563,4.9147090911865234,-1004.19580078125
501.18325805664063,5.6700563430786133,-1003.2105102539063
502.53694110274307,5.0913740900154023,-1003.8399608439682
503.06734828979768,4.0897243077399965,-1004.101373357548
502.72720336914063,3.9381852149963379,-1004.5718383789063
502.08731079101563,4.9147090911865234,-1004.19580078125
503.06734828979768,4.0897243077399965,-1004.101373357548
503.36962704090445,3.1175388817128473,-1004.2060533154513
503.23480224609375,2.9195492267608643,-1004.7561645507813
502.72720336914063,3.9381852149963379,-1004.5718383789063
503.36962704090445,3.1175388817128473,-1004.2060533154513
504.88263445745901,3.4358930327406494,-1004.2355937857014
505.06671142578125,3.2359364032745361,-1004.7705078125
503.23480224609375,2.9195492267608643,-1004.7561645507813
504.88263445745901,3.4358930327406494,-1004.2355937857014
505.7986201445247,3.4919702401204291,-1003.7992052611273
506.1417236328125,3.4099674224853516,-1004.2845458984375
505.06671142578125,3.2359364032745361,-1004.7705078125
505.7986201445247,3.4919702401204291,-1003.7992052611273
506.30407513586613,4.895124041220372,-1003.412162484207
506.76968383789063,4.7116942405700684,-1003.7431640625
506.1417236328125,3.4099674224853516,-1004.2845458984375
506.30407513586613,4.895124041220372,-1003.412162484207
506.62637904082487,5.817788299648007,-1003.2495785364083
507.08200073242188,5.4401359558105469,-1003.3485107421875
506.76968383789063,4.7116942405700684,-1003.7431640625
506.62637904082487,5.817788299648007,-1003.2495785364083
507.52484477851658,6.5218692046404438,-1001.9167250054002
507.64352416992188,5.9346017837524414,-1001.9488525390625
507.08200073242188,5.4401359558105469,-1003.3485107421875
507.52484477851658,6.5218692046404438,-1001.9167250054002
507.51302975005734,6.4141108032833225,-1000.6256821132681
507.602783203125,5.8221139907836914,-1000.587158203125
507.64352416992188,5.9346017837524414,-1001.9488525390625
504.0334486181527,4.178699506018023,-981.2773231038633
503.22086939036257,3.7222667159068754,-981.33883084594197
503.13412475585938,3.2760021686553955,-980.947265625
504.27297973632813,3.8471889495849609,-980.83831787109375
503.22086939036257,3.7222667159068754,-981.33883084594197
502.25335934595336,4.0985010057083908,-982.18471146547108
501.86697387695313,3.6402184963226318,-982.1585693359375
503.13412475585938,3.2760021686553955,-980.947265625
502.25335934595336,4.0985010057083908,-982.18471146547108
502.12396150897285,5.0422985321414107,-983.06285526712475
501.70867919921875,4.680293083190918,-983.300537109375
501.86697387695313,3.6402184963226318,-982.1585693359375
502.12396150897285,5.0422985321414107,-983.06285526712475
502.64835152499614,3.7347323777986259,-984.06361085295703
502.23495483398438,3.6086690425872803,-984.47979736328125
501.70867919921875,4.680293083190918,-983.300537109375
502.64835152499614,3.7347323777986259,-984.06361085295703
503.64685493039798,3.3871594600697521,-984.64567531595594
503.48617553710938,3.2275660037994385,-985.2012939453125
502.23495483398438,3.6086690425872803,-984.47979736328125
503.64685493039798,3.3871594600697521,-984.64567531595594
504.38873825399355,3.3333321780902776,-984.63165202735024
504.6123046875,3.0787427425384521,-985.1268310546875
503.48617553710938,3.2275660037994385,-985.2012939453125
504.38873825399355,3.3333321780902776,-984.63165202735024
505.61174142951734,4.6867538375456377,-983.32870909329074
506.10140991210938,4.340367317199707,-983.34423828125
504.6123046875,3.0787427425384521,-985.1268310546875
505.61174142951734,4.6867538375456377,-983.32870909329074
505.21657865411839,4.9725016099224941,-981.78672341661274
505.56619262695313,4.5444607734680176,-981.55316162109375
506.10140991210938,4.340367317199707,-983.34423828125
505.21657865411839,4.9725016099224941,-981.78672341661274
504.0334486181527,4.178699506018023,-981.2773231038633
504.27297973632813,3.8471889495849609,-980.83831787109375
505.56619262695313,4.5444607734680176,-981.55316162109375