48.601551055908203,5.0933704376220703,-1.6264654397964478
48.196304321289063,5.6467175483703613,-8.775151252746582
41.373157501220703,5.2726726531982422,-1.6465684175491333
41.63787841796875,4.7714629173278809,-8.6179723739624023
41.937705993652344,4.9651031494140625,-7.4665565490722656
48.323562622070313,5.0356931686401367,-2.9213414192199707
42.812831878662109,4.4569878578186035,-1.7495220899581909
47.065238952636719,4.6258730888366699,-8.3326025009155273
45.402774810791016,5.2578411102294922,-0.062840670347213745
43.795978546142578,4.7385377883911133,-9.8121500015258789
49.855922698974609,5.3106198310852051,-5.9234747886657715
40.144981384277344,4.5813312530517578,-4.0707268714904785
48.907028198242188,5.2272601127624512,-5.4941239356994629
41.101978302001953,5.5781979560852051,-4.4580273628234863
43.756874084472656,5.2568669319152832,-8.7660951614379883
46.242637634277344,5.2595090866088867,-1.2338128089904785
49.797107696533203,5.2317461967468262,-3.6310944557189941
43.960651397705078,5.5302448272705078,-0.15404866635799408
46.555744171142578,4.7423915863037109,-9.733708381652832
40.211753845214844,5.3825783729553223,-6.428682804107666
47.524486541748047,3.0649034976959229,-0.74759143590927124
40.445041656494141,6.758453369140625,-3.069608211517334
47.667854309082031,2.3687906265258789,-9.1923046112060547
40.800010681152344,2.2304377555847168,-7.6520729064941406
47.61419677734375,2.5681784152984619,-2.0230257511138916
42.266670227050781,3.2115857601165771,-2.1173911094665527
49.450157165527344,2.4781045913696289,-7.1361808776855469
42.838695526123047,6.7280106544494629,-9.4373617172241211
45.602802276611328,2.5845317840576172,-8.8810348510742188
41.210990905761719,7.7307271957397461,-6.0691032409667969
48.705574035644531,7.7154049873352051,-6.4861259460449219
42.654949188232422,3.1773159503936768,-0.65054643154144287
49.339206695556641,3.2614011764526367,-2.6339011192321777
49.30078125,10,-5.6630110740661621
40.823722839355469,0,-4.0678744316101074
45.858207702636719,10,-0.69232797622680664
47.291481018066406,8.0110807418823242,-0.62893152236938477
41.000617980957031,6.9596395492553711,-7.9673852920532227
40.203239440917969,2.4481537342071533,-3.6973285675048828
49.667747497558594,7.6077280044555664,-6.7089109420776367
42.794475555419922,2.3267900943756104,-9.4148435592651367
43.330589294433594,7.7708492279052734,-8.587193489074707
46.347301483154297,7.6512179374694824,-1.2535067796707153
41.842685699462891,6.7071857452392578,-2.6650190353393555
48.379997253417969,3.1765174865722656,-6.9902100563049316
42.679122924804688,7.3883724212646484,-0.63877779245376587
46.582782745361328,7.5311179161071777,-9.720545768737793
49.153648376464844,6.8972115516662598,-2.2527370452880859
46.970916748046875,2.0440390110015869,-0.46568140387535095
40.207492828369141,7.7948079109191895,-3.6700763702392578
45.818180084228516,1.3587086200714111,-9.8787317276000977
40.087242126464844,1.1225318908691406,-5.5886082649230957
41.167533874511719,2.276768684387207,-4.1096205711364746
46.255439758300781,1.1491019725799561,-1.2362219095230103
44.721691131591797,1.8903484344482422,-8.9476337432861328
49.027614593505859,2.0994606018066406,-2.0614354610443115
43.820960998535156,8.6866846084594727,-9.8160476684570313
49.942611694335938,1.1405001878738403,-5.3678402900695801
41.126346588134766,8.8636598587036133,-5.6402115821838379
44.958053588867188,7.7299056053161621,-0.0062170303426682949
43.140228271484375,3.0946581363677979,-8.4642448425292969
44.341861724853516,2.5625648498535156,-1.1298860311508179
48.867588043212891,2.6610805988311768,-4.329068660736084
41.194690704345703,3.4399075508117676,-5.9865102767944336
49.900241851806641,7.4083046913146973,-4.3269429206848145
47.236354827880859,6.8508424758911133,-8.2173471450805664
43.988552093505859,2.4739108085632324,-9.8421945571899414
40.002666473388672,2.2478196620941162,-5.0179986953735352
41.846534729003906,4.4203572273254395,-2.6590549945831299
47.423072814941406,5.0764732360839844,-1.8995835781097412
40.004360198974609,7.7154865264892578,-4.9720573425292969
49.000007629394531,7.8252110481262207,-7.9879088401794434
41.858875274658203,7.6325397491455078,-8.8435869216918945
44.532497406005859,2.1868734359741211,-0.069291390478610992
49.931369781494141,2.1351191997528076,-4.5369610786437988
48.300197601318359,8.8044052124023438,-1.318811297416687
41.188327789306641,8.8095674514770508,-1.8276135921478271
41.237205505371094,1.129993200302124,-8.2089214324951172
48.126976013183594,1.227921724319458,-8.8430576324462891
47.21966552734375,1.1077934503555298,-8.2285881042480469
41.666286468505859,8.7342624664306641,-7.0635876655578613
47.898918151855469,4.2611808776855469,-0.93827354907989502
41.160484313964844,8.9028806686401367,-4.1470751762390137
47.763240814208984,4.5541057586669922,-9.1458683013916016
40.731624603271484,4.5070257186889648,-7.511599063873291
41.790054321289063,0.96739298105239868,-1.2382106781005859
48.56390380859375,1.0455335378646851,-1.5880312919616699
45.874244689941406,0,-0.79690223932266235
43.839004516601563,10,-9.2012348175048828
44.070663452148438,0,-9.2623491287231445
44.171356201171875,6.6528921127319336,-1.1635357141494751
41.134559631347656,5.5725226402282715,-5.6818156242370605
48.395076751708984,7.5144391059875488,-3.0275163650512695
45.250495910644531,6.6454348564147949,-9.9628725051879883
41.588294982910156,3.0248641967773438,-1.4358401298522949
41.959247589111328,6.3990068435668945,-1.0724837779998779
46.784637451171875,3.8123152256011963,-1.4872286319732666
40.106315612792969,6.6724133491516113,-4.3185687065124512
48.498565673828125,6.7661209106445313,-8.4790782928466797
48.445556640625,6.2676315307617188,-1.4672098159790039
47.511432647705078,3.3686895370483398,-8.0320682525634766
44.615108489990234,7.4836382865905762,-8.9275798797607422
41.830238342285156,1.1325370073318481,-7.307002067565918
49.989341735839844,3.3901758193969727,-4.9280838966369629
45.120601654052734,3.1949124336242676,-0.018816264346241951
40.118373870849609,3.2667219638824463,-5.7986545562744141
45.247776031494141,2.5585989952087402,-9.9632749557495117
44.612312316894531,8.9019317626953125,-0.057461485266685486
42.276218414306641,1.1704416275024414,-9.1509170532226563
48.808692932128906,6.4867219924926758,-6.016728401184082
41.774742126464844,8.9197607040405273,-2.7702107429504395
44.106052398681641,1.2585828304290771,-1.1764236688613892
48.498313903808594,3.1207687854766846,-1.52106773853302
49.941501617431641,8.7814769744873047,-4.605309009552002
49.081935882568359,1.2574694156646729,-7.8592367172241211
47.518196105957031,1.0268127918243408,-0.74438858032226563
42.909461975097656,1.0288237333297729,-0.52664327621459961
40.658065795898438,10,-4.341221809387207
41.738380432128906,3.7754695415496826,-7.1706247329711914
49.257450103759766,5.7453031539916992,-2.4659566879272461
48.258766174316406,3.4954192638397217,-8.7139673233032227
43.472946166992188,7.7898573875427246,-1.3049002885818481
48.079814910888672,4.4046487808227539,-7.4549708366394043
45.042076110839844,6.0496363639831543,-8.9916963577270508
49.620307922363281,6.1737194061279297,-6.802070140838623
46.206794738769531,8.8353958129882813,-9.8211326599121094
48.124752044677734,8.7559690475463867,-2.6261773109436035
48.139568328857422,1.3024137020111084,-2.6481714248657227
41.759910583496094,6.202512264251709,-8.7425527572631836
41.005317687988281,3.9700777530670166,-2.0068767070770264
46.458881378173828,6.0605888366699219,-0.2276129424571991
46.911277770996094,3.8974111080169678,-0.43531045317649841
41.686336517333984,2.2894723415374756,-8.6674423217773438
41.036128997802734,6.6832804679870605,-5.1830573081970215
43.193717956542969,2.2694628238677979,-1.4929736852645874
44.326267242431641,2.909440279006958,-8.8732309341430664
47.116508483886719,3.5386137962341309,-9.4607133865356445
40.579349517822266,8.9549436569213867,-7.1988039016723633
47.964828491210938,3.8205780982971191,-2.3887417316436768
48.387886047363281,8.8320484161376953,-6.977994441986084
42.712371826171875,8.9123048782348633,-8.1878995895385742
40.131687164306641,1.2069040536880493,-4.1559562683105469
43.611499786376953,1.1868349313735962,-9.7833671569824219
48.970462799072266,7.5960111618041992,-5.1569886207580566
43.370304107666016,9.1232519149780273,-0.3022930920124054
43.220382690429688,4.3237218856811523,-0.37527841329574585
41.629478454589844,7.6484003067016602,-1.3954969644546509
40.206512451171875,2.1847631931304932,-6.3933238983154297
42.438362121582031,8.840550422668457,-9.233489990234375
49.858821868896484,2.3874197006225586,-5.9048933982849121
43.332515716552734,2.1267101764678955,-0.32068854570388794
49.844791412353516,8.8308429718017578,-5.9948034286499023
41.938156127929688,1.0473281145095825,-2.5172007083892822
48.097812652587891,2.053532600402832,-1.1121951341629028
41.429431915283203,3.3358087539672852,-3.3048477172851563
48.328479766845703,7.4891691207885742,-1.3476840257644653
48.560066223144531,8.8667163848876953,-8.4188404083251953
46.302162170410156,1.0454884767532349,-0.20316188037395477
45.177818298339844,0.92460012435913086,-1.03345787525177
49.414909362792969,0,-5.2647905349731445
47.549777984619141,7.580263614654541,-1.9814207553863525
42.665248870849609,4.413844108581543,-9.3490333557128906
44.755054473876953,4.8360624313354492,-8.9539117813110352
48.834522247314453,5.0717754364013672,-4.1615266799926758
49.186809539794922,3.600759744644165,-7.6533026695251465
44.565101623535156,3.6075387001037598,-1.0858286619186401
49.898612976074219,6.7079753875732422,-5.6498513221740723
49.343162536621094,4.5652246475219727,-2.6420207023620605
40.091011047363281,6.517521858215332,-5.6140532493591309
41.057571411132813,7.8083815574645996,-4.6940202713012695
42.722537994384766,4.2962560653686523,-8.1944656372070313
48.227100372314453,6.6535234451293945,-7.2269372940063477
48.762172698974609,4.1857714653015137,-6.2639665603637695
45.68975830078125,8.8296928405761719,-1.129784107208252
42.388885498046875,2.0934877395629883,-7.9789633750915527
41.748359680175781,7.3920106887817383,-7.1854381561279297
42.904926300048828,1.0739097595214844,-1.6874927282333374
48.76190185546875,1.322881817817688,-3.7935495376586914
45.486289978027344,8.6065311431884766,-8.9040288925170898
42.273296356201172,5.5770564079284668,-2.1129293441772461
41.19622802734375,3.451613187789917,-8.1670866012573242
44.521907806396484,4.3199596405029297,-0.070860952138900757
41.220363616943359,1.891411304473877,-1.7962331771850586
41.220832824707031,1.2010105848312378,-6.1189584732055664
47.434024810791016,8.7948551177978516,-9.3061389923095703
42.292167663574219,8.6954154968261719,-0.82715868949890137
40.075565338134766,3.4292454719543457,-4.5156583786010742
42.843063354492188,8.9082489013671875,-1.7291598320007324
46.368312835693359,3.0563411712646484,-0.21348267793655396
41.001815795898438,8.0584735870361328,-7.9686093330383301
48.891033172607422,8.8485698699951172,-5.5791263580322266
44.029777526855469,7.3062090873718262,-9.8486270904541016
41.21588134765625,4.4540038108825684,-3.8526585102081299
46.971118927001953,1.2048438787460327,-9.5314931869506836
46.793903350830078,2.2990846633911133,-8.5153636932373047
42.744762420654297,5.6578269004821777,-8.2088203430175781
44.830718994140625,5.5069007873535156,-1.0334082841873169
44.599086761474609,3.7231462001800537,-9.9374494552612305
41.489921569824219,5.5739655494689941,-3.211188793182373
41.030620574951172,4.4761018753051758,-5.1551589965820313
49.809432983398438,4.0386033058166504,-3.7142603397369385
41.278392791748047,6.5705146789550781,-6.4106349945068359
48.718051910400391,3.8287947177886963,-3.5713555812835693
46.347175598144531,6.068476676940918,-9.8003263473510742
43.90802001953125,6.8988709449768066,-0.16184976696968079
42.528675079345703,5.3032536506652832,-0.71201908588409424
40.511161804199219,3.2862541675567627,-7.0587410926818848
48.686988830566406,6.2219161987304688,-3.460904598236084
46.413963317871094,3.5758881568908691,-8.7209491729736328
48.243328094482422,1.0290596485137939,-7.2018094062805176
47.041168212890625,8.7910938262939453,-1.6529182195663452
49.928432464599609,7.8622450828552246,-5.4587244987487793
46.525524139404297,5.8796653747558594,-8.6961326599121094
46.729606628417969,4.8984384536743164,-0.34279221296310425
43.857643127441406,3.2423281669616699,-0.16931651532649994
49.798923492431641,3.819509744644165,-6.2888031005859375
45.176071166992188,7.96575927734375,-9.9739036560058594
40.584518432617188,4.7994651794433594,-2.7957298755645752
47.564174652099609,8.9344205856323242,-7.9965434074401855
40.158454895019531,7.5034189224243164,-6.0690841674804688
40.468570709228516,8.8599786758422852,-3.0234086513519287
45.204727172851563,1.2492827177047729,-0.031941186636686325
45.601703643798828,3.124608039855957,-1.1132156848907471
41.093303680419922,2.3128793239593506,-5.4727773666381836
40.523258209228516,1.5156557559967041,-2.916024923324585
42.176815032958984,2.046489953994751,-0.88331484794616699
49.062641143798828,5.7762722969055176,-7.8971233367919922
43.509170532226563,1.971774697303772,-8.7025365829467773
49.850532531738281,1.0730469226837158,-3.9915533065795898
48.869903564453125,2.9073760509490967,-5.6914129257202148
49.722328186035156,6.4420595169067383,-3.4208753108978271
40.475955963134766,1.1083593368530273,-6.9864211082458496
41.39483642578125,8.9226045608520508,-8.3698463439941406
42.968093872070313,7.8533592224121094,-9.5032596588134766
47.257617950439453,1.2586249113082886,-1.7927175760269165
49.376392364501953,0.9785531759262085,-2.7102820873260498
49.692398071289063,8.5026149749755859,-3.359398365020752
45.34027099609375,1.9293853044509888,-1.0640249252319336
45.596424102783203,6.5366439819335938,-1.1122220754623413
45.437778472900391,4.3340439796447754,-1.082371711730957
48.428737640380859,2.5690202713012695,-3.0774877071380615
43.902950286865234,4.0275740623474121,-8.7935810089111328
49.949283599853516,5.9650235176086426,-4.6578316688537598
45.869197845458984,4.8333096504211426,-8.828460693359375
46.235466003417969,7.3085050582885742,-0.19275623559951782
43.005222320556641,6.2797374725341797,-0.48002445697784424
40.213863372802734,5.6849236488342285,-3.6292488574981689
42.180744171142578,3.1374721527099609,-7.8273806571960449
40.861782073974609,5.707216739654541,-7.7789545059204102
42.721256256103516,5.4992189407348633,-9.3775558471679688
41.981769561767578,4.1991024017333984,-1.0504218339920044
48.515953063964844,5.4331479072570801,-6.7797107696533203
45.805526733398438,4.1314826011657715,-0.12567757070064545
48.700584411621094,2.3994204998016357,-8.2811975479125977
48.805404663085938,8.6142463684082031,-4.0139775276184082
45.196693420410156,5.107083797454834,-9.9708461761474609
48.948951721191406,6.291724681854248,-4.7413439750671387
49.114742279052734,8.0752449035644531,-2.1728184223175049
40.745220184326172,2.7553114891052246,-2.4801719188690186
47.64129638671875,5.5607953071594238,-0.80707824230194092
49.813613891601563,2.995164155960083,-3.7424817085266113
48.730884552001953,4.6227841377258301,-8.2515192031860352
41.916481018066406,6.1872811317443848,-7.4350399971008301
48.794818878173828,4.0464653968811035,-1.8237725496292114
40.128204345703125,8.7211904525756836,-5.8649826049804688
49.227020263671875,6.8522124290466309,-7.5743422508239746
45.770053863525391,2.1344997882843018,-0.120142862200737
41.211631774902344,6.7054495811462402,-3.875251293182373
45.018802642822266,9.0535602569580078,-9.9972133636474609
40.771186828613281,7.7736368179321289,-2.42917799949646
47.960098266601563,6.2976474761962891,-2.3817198276519775
47.480289459228516,6.6204614639282227,-9.2836151123046875
45.811511993408203,1.2306724786758423,-8.8398456573486328
46.568309783935547,2.367851734161377,-1.3475078344345093
41.673587799072266,2.2136199474334717,-2.926826000213623
49.579292297363281,7.4927425384521484,-3.1270647048950195
47.234821319580078,9.0494623184204102,-0.60007637739181519
42.872055053710938,1.0047966241836548,-8.2910356521606445
47.916217803955078,2.1531119346618652,-7.7082691192626953
43.684478759765625,6.5145387649536133,-8.7524738311767578
41.533382415771484,2.4106717109680176,-6.8662705421447754
43.996265411376953,5.993593692779541,-9.8433980941772461
42.114395141601563,3.4619960784912109,-9.068507194519043
43.425910949707031,5.5878434181213379,-1.3365803956985474
45.143779754638672,6.4525156021118164,-0.022432250902056694
47.432506561279297,6.7896227836608887,-0.70075029134750366
46.044673919677734,8.6599645614624023,-0.16298913955688477
46.902900695800781,6.3954472541809082,-1.5636124610900879
49.987007141113281,4.6304206848144531,-4.9123449325561523
43.412647247314453,3.4436061382293701,-1.3455148935317993
48.982746124267578,3.9574768543243408,-4.912571907043457
47.963558197021484,7.7573738098144531,-9.0031309127807617
40.009029388427734,5.5417804718017578,-4.942133903503418
49.453987121582031,4.8366169929504395,-7.1286606788635254
40.367275238037109,3.6555500030517578,-3.2223172187805176
47.946620941162109,7.820401668548584,-7.6611928939819336
49.678432464599609,1.2251849174499512,-6.6879305839538574
45.943695068359375,7.1512680053710938,-8.8137578964233398
42.293949127197266,7.9790573120117188,-7.9176459312438965
46.484603881835938,2.442155122756958,-9.768341064453125
41.085300445556641,6.6112713813781738,-1.9285298585891724
45.177436828613281,3.775996208190918,-8.9649820327758789
41.421760559082031,7.8246669769287109,-3.3167243003845215
48.814907073974609,7.3041768074035645,-4.0621309280395508
40.094844818115234,8.8300533294677734,-4.3920845985412598
47.709312438964844,5.6438531875610352,-7.8987851142883301
49.380325317382813,8.828953742980957,-7.2733078002929688
44.219013214111328,8.8702239990234375,-1.1541305780410767
48.696426391601563,1.9796814918518066,-6.5002937316894531
43.586189270019531,8.1075735092163086,-0.20955021679401398
42.252048492431641,7.8188328742980957,-2.1272397041320801
45.862167358398438,3.7166249752044678,-9.8722124099731445
41.068668365478516,3.3728423118591309,-4.6350522041320801
42.330005645751953,2.0000114440917969,-2.074732780456543
49.61810302734375,2.0796055793762207,-3.2067832946777344
41.275177001953125,1.1678702831268311,-3.5436728000640869
44.261528015136719,0.97593593597412109,-8.8610496520996094
44.136539459228516,1.068020224571228,-0.12797905504703522
40.415149688720703,6.5865726470947266,-6.8615193367004395
47.264640808105469,5.5348844528198242,-9.3885993957519531
44.04248046875,4.5321950912475586,-1.1889699697494507
44.919151306152344,7.730431079864502,-1.0159560441970825
42.590362548828125,6.8899970054626465,-8.109095573425293
44.028705596923828,8.7900228500366211,-8.8172426223754883
40.480045318603516,7.8219013214111328,-6.9948277473449707
40.708984375,5.8065471649169922,-2.5513236522674561
42.862667083740234,6.698664665222168,-1.7159545421600342
43.318721771240234,3.5044345855712891,-9.681818962097168
40.055038452148438,4.4309391975402832,-5.3713397979736328
41.276824951171875,4.5763092041015625,-6.402686595916748
44.656665802001953,1.6122359037399292,-9.9464330673217773
40.228824615478516,4.2095170021057129,-6.4787898063659668
41.435699462890625,5.5663995742797852,-6.7212471961975098
48.826446533203125,0.83541488647460938,-5.922386646270752
49.197555541992188,9.1029300689697266,-2.342933177947998
46.814659118652344,8.0277986526489258,-8.5013837814331055
46.590217590332031,9.0775318145751953,-8.6525554656982422
41.032150268554688,1.209425687789917,-4.8291277885437012
40.922607421875,0.85522401332855225,-2.1318473815917969
48.980945587158203,1.6041567325592041,-5.1012730598449707
44.927406311035156,0.72944349050521851,-9.9886741638183594
49.972232818603516,10,-5.1779685020446777
49.972232818603516,10,-5.1779685020446777
49.964008331298828,0,-4.7571597099304199
49.964008331298828,0,-4.7571597099304199
49.785041809082031,10,-3.5496962070465088
49.785041809082031,10,-3.5496962070465088
49.785041809082031,0,-3.5496962070465088
49.785041809082031,0,-3.5496962070465088
49.726081848144531,10,-6.5943622589111328
49.726081848144531,10,-6.5943622589111328
49.828422546386719,0,-6.099736213684082
49.828422546386719,0,-6.099736213684082
48.855201721191406,10,-1.885419487953186
48.855201721191406,10,-1.885419487953186
49.131114959716797,10,-7.7626605033874512
49.131114959716797,10,-7.7626605033874512
48.549041748046875,0,-8.4296360015869141
48.549041748046875,0,-8.4296360015869141
49.306777954101563,0,-7.4177260398864746
49.306777954101563,0,-7.4177260398864746
48.922897338867188,10,-4.6093258857727051
48.922897338867188,10,-4.6093258857727051
48.917343139648438,0,-4.5811767578125
48.917343139648438,0,-4.5811767578125
48.726455688476563,10,-6.4537978172302246
48.726455688476563,10,-6.4537978172302246
48.897659301757813,10,-5.5439043045043945
48.897659301757813,10,-5.5439043045043945
48.726455688476563,0,-6.4537978172302246
48.726455688476563,0,-6.4537978172302246
48.880687713623047,0,-5.6341128349304199
48.880687713623047,0,-5.6341128349304199
48.542026519775391,10,-3.2456839084625244
48.542026519775391,10,-3.2456839084625244
48.562580108642578,0,-3.2761995792388916
48.562580108642578,0,-3.2761995792388916
47.764759063720703,10,-0.86995148658752441
47.764759063720703,10,-0.86995148658752441
48.074485778808594,0,-1.0883808135986328
48.074485778808594,0,-1.0883808135986328
46.943546295166016,10,-9.544917106628418
46.943546295166016,10,-9.544917106628418
48.1602783203125,10,-8.8104410171508789
48.1602783203125,10,-8.8104410171508789
47.517868041992188,0,-9.2653226852416992
47.517868041992188,0,-9.2653226852416992
47.710372924804688,10,-2.085146427154541
47.710372924804688,10,-2.085146427154541
47.822799682617188,0,-2.1778807640075684
47.822799682617188,0,-2.1778807640075684
46.642757415771484,10,-0.29856449365615845
46.642757415771484,10,-0.29856449365615845
46.82879638671875,0,-0.39330518245697021
46.82879638671875,0,-0.39330518245697021
47.979183197021484,10,-7.6107778549194336
47.979183197021484,10,-7.6107778549194336
47.062828063964844,10,-8.3342275619506836
47.062828063964844,10,-8.3342275619506836
46.520576477050781,0,-8.699462890625
46.520576477050781,0,-8.699462890625
47.854518890380859,0,-7.8009791374206543
47.854518890380859,0,-7.8009791374206543
46.478996276855469,10,-1.2898211479187012
46.478996276855469,10,-1.2898211479187012
46.800247192382813,0,-1.4973100423812866
46.800247192382813,0,-1.4973100423812866
45.624111175537109,10,-9.907496452331543
45.624111175537109,10,-9.907496452331543
46.057727813720703,0,-9.8432273864746094
46.057727813720703,0,-9.8432273864746094
44.315185546875,10,-9.8931560516357422
44.315185546875,10,-9.8931560516357422
44.460884094238281,0,-9.9158878326416016
44.460884094238281,0,-9.9158878326416016
44.726600646972656,10,-8.9485578536987305
44.726600646972656,10,-8.9485578536987305
45.975429534912109,10,-8.8074960708618164
45.975429534912109,10,-8.8074960708618164
45.056884765625,0,-8.988774299621582
45.056884765625,0,-8.988774299621582
44.99249267578125,10,-1.001481294631958
44.99249267578125,10,-1.001481294631958
44.707542419433594,0,-1.0577175617218018
44.707542419433594,0,-1.0577175617218018
45.779270172119141,0,-1.146626353263855
45.779270172119141,0,-1.146626353263855
45.370559692382813,10,-0.057814300060272217
45.370559692382813,10,-0.057814300060272217
45.273403167724609,0,-0.042656011879444122
45.273403167724609,0,-0.042656011879444122
44.021244049072266,10,-0.14506767690181732
44.021244049072266,10,-0.14506767690181732
43.759243011474609,0,-0.18390055000782013
43.759243011474609,0,-0.18390055000782013
43.257194519042969,10,-8.5397891998291016
43.257194519042969,10,-8.5397891998291016
43.494132995605469,10,-1.2971879243850708
43.494132995605469,10,-1.2971879243850708
43.480731964111328,0,-1.2998329401016235
43.480731964111328,0,-1.2998329401016235
43.044181823730469,10,-9.5420083999633789
43.044181823730469,10,-9.5420083999633789
43.049018859863281,0,-9.5444707870483398
43.049018859863281,0,-9.5444707870483398
42.084846496582031,10,-7.6850061416625977
42.084846496582031,10,-7.6850061416625977
42.159736633300781,0,-7.7961916923522949
42.159736633300781,0,-7.7961916923522949
43.371894836425781,0,-8.6138725280761719
43.371894836425781,0,-8.6138725280761719
42.190692901611328,10,-2.1685659885406494
42.190692901611328,10,-2.1685659885406494
42.382598876953125,0,-2.0393080711364746
42.382598876953125,0,-2.0393080711364746
42.624011993408203,10,-0.66560691595077515
42.624011993408203,10,-0.66560691595077515
42.406784057617188,0,-0.77135872840881348
42.406784057617188,0,-0.77135872840881348
41.8409423828125,10,-8.8252801895141602
41.8409423828125,10,-8.8252801895141602
41.825942993164063,0,-8.8099660873413086
41.825942993164063,0,-8.8099660873413086
41.317256927490234,10,-6.5454006195068359
41.317256927490234,10,-6.5454006195068359
41.367782592773438,0,-6.6204109191894531
41.367782592773438,0,-6.6204109191894531
41.288032531738281,10,-3.5237717628479004
41.288032531738281,10,-3.5237717628479004
41.018184661865234,10,-5.092134952545166
41.018184661865234,10,-5.092134952545166
41.562564849853516,0,-3.0987205505371094
41.562564849853516,0,-3.0987205505371094
40.785179138183594,10,-2.4017078876495361
40.785179138183594,10,-2.4017078876495361
41.635585784912109,10,-1.3895153999328613
41.635585784912109,10,-1.3895153999328613
40.818241119384766,10,-7.689516544342041
40.818241119384766,10,-7.689516544342041
40.791679382324219,0,-7.6349601745605469
40.791679382324219,0,-7.6349601745605469
40.205562591552734,10,-3.6824381351470947
40.205562591552734,10,-3.6824381351470947
40.423851013183594,0,-3.1112210750579834
40.423851013183594,0,-3.1112210750579834
41.253849029541016,0,-1.7634345293045044
41.253849029541016,0,-1.7634345293045044
40.194694519042969,10,-6.3135991096496582
40.194694519042969,10,-6.3135991096496582
40.011318206787109,10,-5.0763707160949707
40.011318206787109,10,-5.0763707160949707
40.180438995361328,0,-6.2174081802368164
40.180438995361328,0,-6.2174081802368164
40.045646667480469,0,-4.7074332237243652
40.045646667480469,0,-4.7074332237243652
41.061691284179688,0,-5.3125858306884766
41.061691284179688,0,-5.3125858306884766
41.153739929199219,0,-4.18292236328125
41.153739929199219,0,-4.18292236328125
48.928302764892578,0,-1.9600480794906616
48.928302764892578,0,-1.9600480794906616
49.411674499511719,0,-2.7827539443969727
49.411674499511719,0,-2.7827539443969727