48.928813934326172,2.7735369205474854,55.094715118408203
48.709629058837891,4.7783875465393066,54.768108367919922
48.325485229492188,7.2739124298095703,55.518104553222656
48.674942016601563,3.2822039127349854,53.267620086669922
48.179481506347656,5.1321029663085938,55.899246215820313
48.112907409667969,7.6723313331604004,56.624965667724609
47.451503753662109,4.7333889007568359,52.479415893554688
47.867786407470703,2.0759313106536865,56.840900421142578
47.677555084228516,1.8964788913726807,55.481178283691406
47.597660064697266,7.4074320793151855,54.311752319335938
47.760307312011719,5.4882597923278809,57.052257537841797
47.407035827636719,7.9697937965393066,55.289043426513672
47.274681091308594,2.5815818309783936,53.645763397216797
47.637985229492188,7.8983044624328613,51.999824523925781
47.053764343261719,4.8119497299194336,56.178321838378906
47.204601287841797,7.8105053901672363,56.391223907470703
46.84967041015625,5.0062451362609863,53.230564117431641
46.990638732910156,2.5395088195800781,56.3353271484375
46.919574737548828,2.6138484477996826,52.253623962402344
46.738197326660156,3.0463221073150635,58.579998016357422
46.786170959472656,5.5932269096374512,56.989463806152344
45.361038208007813,7.8398761749267578,52.612701416015625
46.413860321044922,3.2383520603179932,57.257598876953125
46.610496520996094,3.9223289489746094,52.122428894042969
45.849021911621094,7.8873796463012695,57.600238800048828
45.130653381347656,2.2688989639282227,50.947940826416016
45.306278228759766,6.7628440856933594,52.576076507568359
45.417621612548828,2.270115852355957,52.342277526855469
45.390350341796875,5.3700666427612305,58.673637390136719
45.045753479003906,4.6561822891235352,57.608829498291016
44.866401672363281,4.8441944122314453,52.372451782226563
44.358776092529297,4.7287425994873047,51.088569641113281
44.656505584716797,2.2020702362060547,57.746417999267578
44.758884429931641,7.4527487754821777,57.401493072509766
44.040828704833984,2.216637134552002,58.459499359130859
44.272384643554688,7.7276935577392578,58.297859191894531
44.265689849853516,7.3470253944396973,52.378120422363281
43.977725982666016,5.142876148223877,57.134742736816406
43.401779174804688,7.7118306159973145,57.149024963378906
42.90509033203125,2.141777515411377,52.107574462890625
43.047599792480469,2.1797783374786377,57.741710662841797
43.191062927246094,2.2746553421020508,53.381889343261719
42.955810546875,5.5684480667114258,56.771648406982422
42.606540679931641,7.6565151214599609,54.703403472900391
42.775314331054688,4.8753738403320313,54.194049835205078
43.005962371826172,7.5321764945983887,58.011211395263672
42.849010467529297,2.9619054794311523,56.464576721191406
42.691131591796875,5.3456630706787109,51.815387725830078
42.395622253417969,6.830864429473877,55.563911437988281
42.244113922119141,4.5607547760009766,55.262226104736328
42.486095428466797,2.4007608890533447,54.402713775634766
42.239315032958984,2.5222938060760498,53.1141357421875
41.982551574707031,5.2562170028686523,57.354084014892578
41.868785858154297,8.0102109909057617,53.157562255859375
41.346237182617188,2.7469515800476074,56.612453460693359
41.471408843994141,7.8828768730163574,55.460269927978516
41.458011627197266,4.5146350860595703,54.790248870849609
40.935794830322266,2.2075684070587158,54.853206634521484
45.531517028808594,1.0580425262451172,50.863735198974609
40.817512512207031,1.0283521413803101,54.505382537841797
49.323490142822266,0.95077270269393921,55.377971649169922
48.036914825439453,8.09295654296875,57.761329650878906
42.346286773681641,8.8063669204711914,58.224693298339844
43.165157318115234,1.020390510559082,51.800830841064453
41.552165985107422,8.9367971420288086,54.790729522705078
42.703681945800781,8.7103281021118164,53.039657592773438
43.22955322265625,8.9130935668945313,57.331924438476563
47.312408447265625,8.8079872131347656,56.929481506347656
46.578998565673828,8.111414909362793,52.792404174804688
47.765712738037109,0.78916370868682861,55.642368316650391
41.989345550537109,1.2807325124740601,54.713272094726563
45.324516296386719,8.8167018890380859,57.561592102050781
46.573787689208984,4.4482560157775879,57.174949645996094
43.609268188476563,3.2441768646240234,52.686500549316406
42.906124114990234,4.3383970260620117,56.596866607666016
47.562496185302734,8.8762216567993164,54.565879821777344
42.706031799316406,1.1992573738098145,53.828876495361328
46.424861907958984,1.4775435924530029,52.987770080566406
44.328762054443359,1.0846216678619385,57.671791076660156
45.857982635498047,5.7026572227478027,52.796585083007813
41.598331451416016,1.8865288496017456,53.849990844726563
47.605083465576172,1.0373187065124512,57.250396728515625
46.269760131835938,7.9576210975646973,51.761234283447266
42.371383666992188,6.4923543930053711,52.082904815673828
41.970382690429688,6.596611499786377,57.624958038330078
44.770484924316406,3.5524473190307617,51.0211181640625
49.074077606201172,3.7068824768066406,54.581764221191406
44.219833374023438,8.7605781555175781,57.434089660644531
47.444366455078125,8.9159364700317383,55.824882507324219
44.905406951904297,3.4248337745666504,57.696098327636719
47.161861419677734,6.0804271697998047,53.18414306640625
43.130474090576172,5.8578028678894043,53.179119110107422
42.907730102539063,6.6485319137573242,56.905918121337891
47.002826690673828,6.7304248809814453,56.718975067138672
47.578205108642578,4.575566291809082,55.045989990234375
41.422966003417969,8.9884300231933594,55.980606079101563
47.06573486328125,8.6365318298339844,58.747280120849609
48.882831573486328,2.0870075225830078,53.645275115966797
42.54034423828125,1.5963224172592163,56.164287567138672
47.479171752929688,1.2878471612930298,53.862602233886719
46.124286651611328,0.99521422386169434,57.485286712646484
43.910202026367188,3.914262056350708,57.096199035644531
47.060558319091797,3.768643856048584,56.162315368652344
47.686370849609375,3.5350217819213867,52.689594268798828
42.389095306396484,3.1093618869781494,57.322196960449219
45.569831848144531,8.9419126510620117,52.549335479736328
42.194805145263672,3.605769157409668,53.218994140625
48.073013305664063,6.4059882164001465,56.377296447753906
43.560489654541016,3.4417812824249268,58.007854461669922
43.024532318115234,4.1756644248962402,51.543693542480469
47.010307312011719,4.2529778480529785,58.400432586669922
46.479019165039063,4.9943513870239258,52.066619873046875
48.914356231689453,6.7039446830749512,53.378616333007813
45.13702392578125,3.5517594814300537,52.35308837890625
42.353397369384766,3.562824010848999,54.865089416503906
44.77801513671875,3.2324888706207275,58.740192413330078
44.863960266113281,5.8159441947937012,51.425338745117188
43.892299652099609,6.4404816627502441,57.180580139160156
45.874900817871094,6.7704763412475586,57.738132476806641
47.614475250244141,5.9582786560058594,54.624420166015625
42.387187957763672,7.9932479858398438,55.939659118652344
44.243564605712891,8.6875343322753906,52.428688049316406
42.969570159912109,3.5172879695892334,53.766708374023438
45.994522094726563,4.3205304145812988,52.857040405273438
41.299423217773438,9.0810632705688477,57.009151458740234
46.147621154785156,0.91134738922119141,59.024143218994141
43.968460083007813,0.83337461948394775,50.859035491943359
45.489631652832031,1.0774995088577271,52.146480560302734
46.068321228027344,8.8231582641601563,58.582462310791016
44.342758178710938,9.1063327789306641,51.431388854980469
48.575279235839844,8.9129467010498047,54.222091674804688
41.566917419433594,4.0061116218566895,56.960929870605469
41.746391296386719,5.6826825141906738,54.275386810302734
48.492607116699219,3.8861572742462158,55.539115905761719
42.998035430908203,6.0716490745544434,57.865596771240234
45.830177307128906,3.1484978199005127,51.555953979492188
48.477489471435547,6.0072131156921387,55.197174072265625
48.71710205078125,8.8575687408447266,52.996345520019531
47.340862274169922,5.5019912719726563,58.215213775634766
47.275768280029297,8.9867801666259766,51.728649139404297
42.383537292480469,5.6357836723327637,55.301868438720703
44.537666320800781,6.0723123550415039,52.360466003417969
47.221359252929688,5.7569637298583984,55.783493041992188
44.987506866455078,5.9643034934997559,57.532642364501953
42.113552093505859,7.6534090042114258,52.187736511230469
43.438472747802734,1.0844932794570923,52.949817657470703
47.126190185546875,2.1027684211730957,57.850395202636719
43.088638305664063,9.0720615386962891,51.318748474121094
48.456520080566406,1.0235855579376221,56.348220825195313
42.0662841796875,2.059816837310791,57.071826934814453
47.257469177246094,1.2516745328903198,52.413394927978516
44.912155151367188,6.569920539855957,58.469242095947266
47.46429443359375,3.2884719371795654,57.428054809570313
42.195968627929688,5.6047863960266113,53.011253356933594
44.849205017089844,7.98779296875,51.529201507568359
44.854339599609375,8.8415489196777344,58.455768585205078
47.921943664550781,2.2884790897369385,52.934646606445313
42.726669311523438,6.3563766479492188,54.338954925537109
46.387386322021484,6.9763727188110352,52.856147766113281
43.454917907714844,8.1055307388305664,51.317462921142578
46.3536376953125,1.937964916229248,58.864017486572266
46.825450897216797,0.99676108360290527,58.207775115966797
42.717514038085938,3.3065276145935059,52.304157257080078
43.432811737060547,1.09504234790802,58.279144287109375
44.467430114746094,1.1118800640106201,59.118305206298828
45.503150939941406,4.5725092887878418,51.59088134765625
40.977779388427734,3.3908689022064209,55.240657806396484
43.311153411865234,4.8187899589538574,57.844314575195313
46.239799499511719,2.0300185680389404,57.394515991210938
42.448211669921875,8.8903789520263672,55.244915008544922
47.647148132324219,3.1549115180969238,55.228912353515625
47.346012115478516,6.9072365760803223,55.489822387695313
43.351898193359375,4.5152831077575684,52.964351654052734
47.485889434814453,4.5240435600280762,57.533245086669922
43.971439361572266,6.915529727935791,51.277824401855469
43.340507507324219,3.0069983005523682,51.319561004638672
47.128219604492188,3.902768611907959,53.456531524658203
41.605617523193359,8.9605007171630859,53.579059600830078
42.577259063720703,8.7107810974121094,54.087131500244141
48.395721435546875,8.6819076538085938,55.546466827392578
46.184688568115234,1.8664854764938354,51.617664337158203
43.8565673828125,6.717890739440918,58.137630462646484
44.464763641357422,4.4193177223205566,58.41754150390625
43.871196746826172,5.7743968963623047,51.071086883544922
48.446147918701172,4.4799132347106934,52.976448059082031
41.590278625488281,3.234236478805542,54.127685546875
41.214786529541016,6.9010066986083984,56.194492340087891
47.720481872558594,6.7625021934509277,57.714038848876953
48.867115020751953,5.6399044990539551,54.062374114990234
41.945659637451172,6.8223357200622559,53.422756195068359
45.96173095703125,5.8633384704589844,51.847042083740234
43.664485931396484,1.8722249269485474,51.118534088134766
48.311767578125,8.9023113250732422,56.771324157714844
45.609722137451172,4.1803689002990723,59.055858612060547
48.177406311035156,2.985490083694458,56.234416961669922
47.890087127685547,4.1898717880249023,56.581012725830078
46.715293884277344,6.9196662902832031,51.968734741210938
45.472129821777344,7.659515380859375,58.519062042236328
42.460567474365234,4.4720597267150879,52.5928955078125
48.670707702636719,7.8363213539123535,53.616428375244141
42.411849975585938,1.0911595821380615,57.370216369628906
40.976764678955078,4.4747591018676758,55.732440948486328
42.333919525146484,1.2214263677597046,52.837482452392578
43.582263946533203,8.8059167861938477,58.366279602050781
48.584121704101563,6.8656821250915527,54.413154602050781
41.554386138916016,6.7583723068237305,54.869468688964844
44.969577789306641,2.177140474319458,59.155460357666016
48.689895629882813,1.9119341373443604,55.721199035644531
41.527240753173828,0.85401791334152222,53.620800018310547
45.403385162353516,6.932124137878418,51.624015808105469
46.084186553955078,6.4227705001831055,58.816688537597656
47.130935668945313,5.8647098541259766,52.218925476074219
41.281887054443359,8.0675678253173828,56.704074859619141
48.304313659667969,9.1794939041137695,57.839084625244141
43.569873809814453,1.9171169996261597,56.962722778320313
48.500259399414063,7.9413871765136719,54.69329833984375
46.600616455078125,7.571286678314209,58.736110687255859
44.177421569824219,5.6167054176330566,58.212024688720703
41.691097259521484,7.8460016250610352,54.232524871826172
41.931404113769531,7.7577948570251465,57.867183685302734
43.940116882324219,2.8879683017730713,57.163497924804688
46.234977722167969,2.9765431880950928,52.960525512695313
42.889907836914063,7.3546228408813477,53.381988525390625
41.758525848388672,8.8829078674316406,52.333953857421875
42.563636779785156,4.1455750465393066,57.527011871337891
46.464138031005859,0.85993808507919312,51.586750030517578
45.798812866210938,8.9857025146484375,51.578533172607422
41.247074127197266,5.6516685485839844,55.672599792480469
41.952804565429688,4.5413999557495117,53.719932556152344
42.370990753173828,9.0379886627197266,56.307498931884766
48.292278289794922,1.0967037677764893,53.255718231201172
43.882049560546875,2.0440659523010254,52.433265686035156
46.427997589111328,8.8461532592773438,57.664562225341797
46.919582366943359,1.2277426719665527,56.542644500732422
43.291637420654297,0.79414039850234985,56.814601898193359
46.645515441894531,9.1120767593383789,52.634204864501953
41.305492401123047,1.3471602201461792,56.414382934570313
44.183364868164063,0.93359112739562988,52.102550506591797
49.146320343017578,1.1064680814743042,53.917800903320313
47.927158355712891,6.8064494132995605,52.315006256103516
48.196414947509766,5.6392607688903809,52.611656188964844
47.675472259521484,8.3384180068969727,53.659114837646484
47.639804840087891,9.2578678131103516,53.512088775634766
50,0,55
50,0,55
50,0,55
49.583663940429688,2.9668300151824951,53.969532012939453
49.583663940429688,2.9668300151824951,53.969532012939453
49.398040771484375,4.2895984649658203,53.510097503662109
49.398040771484375,4.2895984649658203,53.510097503662109
49.228733062744141,5.496100902557373,53.091045379638672
49.228733062744141,5.496100902557373,53.091045379638672
48.925537109375,7.6566734313964844,52.340614318847656
48.925537109375,7.6566734313964844,52.340614318847656
49.079887390136719,6.5567817687988281,52.722637176513672
49.079887390136719,6.5567817687988281,52.722637176513672
48.206684112548828,0,56.793315887451172
48.206684112548828,0,56.793315887451172
49.082710266113281,0,55.917289733886719
49.082710266113281,0,55.917289733886719
48.596698760986328,10,51.526706695556641
48.596698760986328,10,51.526706695556641
48.596698760986328,10,51.526706695556641
48.753452301025391,8.8829660415649414,51.914684295654297
48.753452301025391,8.8829660415649414,51.914684295654297
48.585784912109375,0,55
48.585784912109375,0,55
48.585784912109375,0,55
48.561058044433594,10,53.56842041015625
48.561058044433594,10,53.56842041015625
48.58074951171875,10,52.440460205078125
48.58074951171875,10,52.440460205078125
48.539562225341797,10,54.800090789794922
48.539562225341797,10,54.800090789794922
48.473293304443359,10,58.596698760986328
48.473293304443359,10,58.596698760986328
48.473293304443359,10,58.596698760986328
48.469585418701172,1.1546268463134766,54.712394714355469
48.469585418701172,1.1546268463134766,54.712394714355469
48.350112915039063,2.3417901992797852,54.41668701171875
48.350112915039063,2.3417901992797852,54.41668701171875
48.219730377197266,3.6373236179351807,54.093978881835938
48.219730377197266,3.6373236179351807,54.093978881835938
48.079235076904297,5.0333638191223145,53.746238708496094
48.079235076904297,5.0333638191223145,53.746238708496094
47.837375640869141,7.4366369247436523,53.147609710693359
47.837375640869141,7.4366369247436523,53.147609710693359
47.949962615966797,6.3178949356079102,53.426277160644531
47.949962615966797,6.3178949356079102,53.426277160644531
47.7547607421875,0,54.168975830078125
47.7547607421875,0,54.168975830078125
48.088764190673828,8.8928976058959961,58.752059936523438
48.088764190673828,8.8928976058959961,58.752059936523438
47.666049957275391,7.6758627891540527,58.922847747802734
47.666049957275391,7.6758627891540527,58.922847747802734
47.579399108886719,10,52.509101867675781
47.579399108886719,10,52.509101867675781
47.579399108886719,10,52.509101867675781
47.711784362792969,8.6845541000366211,52.836765289306641
47.711784362792969,8.6845541000366211,52.836765289306641
47.552154541015625,10,54.069976806640625
47.552154541015625,10,54.069976806640625
47.531070709228516,10,55.27789306640625
47.531070709228516,10,55.27789306640625
47.510848999023438,10,56.436443328857422
47.510848999023438,10,56.436443328857422
47.050834655761719,0,52.050834655761719
47.050834655761719,0,52.050834655761719
47.343330383300781,0,57.656669616699219
47.343330383300781,0,57.656669616699219
47.490898132324219,10,57.579399108886719
47.490898132324219,10,57.579399108886719
47.490898132324219,10,57.579399108886719
47.178859710693359,8.7472925186157227,57.705471038818359
47.178859710693359,8.7472925186157227,57.705471038818359
46.918636322021484,7.7025980949401855,57.81060791015625
46.918636322021484,7.7025980949401855,57.81060791015625
46.779598236083984,10,51.494991302490234
46.779598236083984,10,51.494991302490234
46.878021240234375,0,53.292236328125
46.878021240234375,0,53.292236328125
47.250667572021484,6.479924201965332,59.090671539306641
47.250667572021484,6.479924201965332,59.090671539306641
46.788070678710938,5.1480627059936523,59.277572631835938
46.788070678710938,5.1480627059936523,59.277572631835938
46.962120056152344,10,58.570320129394531
46.962120056152344,10,58.570320129394531
46.069671630859375,10,52.482749938964844
46.069671630859375,10,52.482749938964844
46.091587066650391,0,51.091587066650391
46.091587066650391,0,51.091587066650391
46.328098297119141,5.3318095207214355,58.049198150634766
46.328098297119141,5.3318095207214355,58.049198150634766
46.610816955566406,6.4668235778808594,57.934974670410156
46.610816955566406,6.4668235778808594,57.934974670410156
46.087703704833984,10,57.554904937744141
46.087703704833984,10,57.554904937744141
46.006893157958984,0,52.421108245849609
46.006893157958984,0,52.421108245849609
46.403739929199219,0,57.182044982910156
46.403739929199219,0,57.182044982910156
45.985862731933594,2.8384072780609131,59.6016845703125
45.985862731933594,2.8384072780609131,59.6016845703125
46.381195068359375,3.9766144752502441,59.441963195800781
46.381195068359375,3.9766144752502441,59.441963195800781
45.679531097412109,2.7280702590942383,58.311237335205078
45.679531097412109,2.7280702590942383,58.311237335205078
45.995849609375,3.9979512691497803,58.183437347412109
45.995849609375,3.9979512691497803,58.183437347412109
44.338207244873047,10,51.452377319335938
44.338207244873047,10,51.452377319335938
45.3970947265625,10,51.470859527587891
45.3970947265625,10,51.470859527587891
44.872905731201172,10,52.461860656738281
44.872905731201172,10,52.461860656738281
45,0,50
45,0,50
45,0,50
45,0,51.414215087890625
45,0,51.414215087890625
45,0,51.414215087890625
45,0,58.585784912109375
45.354114532470703,1.4216383695602417,58.442714691162109
45.354114532470703,1.4216383695602417,58.442714691162109
45,0,58.585784912109375
45,0,58.585784912109375
45.671760559082031,0,57.914024353027344
45.671760559082031,0,57.914024353027344
45.481800079345703,1.3871593475341797,59.805339813232422
45.481800079345703,1.3871593475341797,59.805339813232422
45,0,60
45,0,60
45,0,60
44.85736083984375,10,57.533432006835938
44.85736083984375,10,57.533432006835938
44.291473388671875,2.8444697856903076,51.700477600097656
44.291473388671875,2.8444697856903076,51.700477600097656
44.491973876953125,1.4626648426055908,50.205257415771484
44.491973876953125,1.4626648426055908,50.205257415771484
44.070571899414063,2.6759214401245117,50.375514984130859
44.070571899414063,2.6759214401245117,50.375514984130859
43.896713256835938,0,52.517501831054688
43.896713256835938,0,52.517501831054688
43.9730224609375,0,57.558807373046875
43.9730224609375,0,57.558807373046875
43.719783782958984,10,52.441734313964844
43.719783782958984,10,52.441734313964844
43.983928680419922,4.0791349411010742,51.824733734130859
43.983928680419922,4.0791349411010742,51.824733734130859
43.669559478759766,5.3412094116210938,51.951747894287109
43.669559478759766,5.3412094116210938,51.951747894287109
43.688602447509766,10,57.513031005859375
43.688602447509766,10,57.513031005859375
43.402095794677734,10,51.436038970947266
43.402095794677734,10,51.436038970947266
43.258563995361328,5.013791561126709,50.703582763671875
43.258563995361328,5.013791561126709,50.703582763671875
43.659385681152344,3.8597846031188965,50.541645050048828
43.659385681152344,3.8597846031188965,50.541645050048828
43.047306060791016,0,53.366909027099609
43.047306060791016,0,53.366909027099609
43.130039215087891,0,56.715824127197266
43.130039215087891,0,56.715824127197266
43.347824096679688,6.632850170135498,52.081733703613281
43.347824096679688,6.632850170135498,52.081733703613281
43.042697906494141,7.8578295707702637,52.205013275146484
43.042697906494141,7.8578295707702637,52.205013275146484
42.509101867675781,10,52.420600891113281
42.509101867675781,10,52.420600891113281
42.509101867675781,10,52.420600891113281
42.7845458984375,8.894200325012207,52.309314727783203
42.7845458984375,8.894200325012207,52.309314727783203
41.904991149902344,0,53.095008850097656
41.904991149902344,0,53.095008850097656
42.488815307617188,10,53.582916259765625
42.488815307617188,10,53.582916259765625
42.468948364257813,10,54.720939636230469
42.468948364257813,10,54.720939636230469
42.447978973388672,10,55.922439575195313
42.447978973388672,10,55.922439575195313
42.420600891113281,10,57.490898132324219
42.420600891113281,10,57.490898132324219
42.420600891113281,10,57.490898132324219
42.475776672363281,7.2675251960754395,51.019851684570313
42.475776672363281,7.2675251960754395,51.019851684570313
42.857292175292969,6.1691036224365234,50.865711212158203
42.857292175292969,6.1691036224365234,50.865711212158203
42.221870422363281,0,54.192344665527344
42.221870422363281,0,54.192344665527344
42.322135925292969,0,55.907920837402344
42.322135925292969,0,55.907920837402344
41.414215087890625,0,55
42.259868621826172,8.4029035568237305,57.093074798583984
42.259868621826172,8.4029035568237305,57.093074798583984
42.147274017333984,7.2840886116027832,56.81439208984375
42.147274017333984,7.2840886116027832,56.81439208984375
41.916172027587891,4.987734317779541,56.242393493652344
41.916172027587891,4.987734317779541,56.242393493652344
42.02984619140625,6.1172552108764648,56.523746490478516
42.02984619140625,6.1172552108764648,56.523746490478516
41.660259246826172,2.4448428153991699,55.608982086181641
41.660259246826172,2.4448428153991699,55.608982086181641
41.793159484863281,3.7653985023498535,55.937919616699219
41.793159484863281,3.7653985023498535,55.937919616699219
42.018299102783203,8.584650993347168,51.204685211181641
42.018299102783203,8.584650993347168,51.204685211181641
41.526706695556641,10,51.403301239013672
41.526706695556641,10,51.403301239013672
41.526706695556641,10,51.403301239013672
42.385295867919922,10,51.418289184570313
42.385295867919922,10,51.418289184570313
41.479068756103516,10,54.132614135742188
41.479068756103516,10,54.132614135742188
41.501087188720703,10,52.871044158935547
41.501087188720703,10,52.871044158935547
41.457672119140625,10,55.358306884765625
41.457672119140625,10,55.358306884765625
41.437191009521484,10,56.531929016113281
41.437191009521484,10,56.531929016113281
41.414215087890625,0,55
41.414215087890625,0,55
41.536430358886719,1.214397668838501,55.302494049072266
41.536430358886719,1.214397668838501,55.302494049072266
41.403301239013672,10,58.473293304443359
41.403301239013672,10,58.473293304443359
41.403301239013672,10,58.473293304443359
41.418342590332031,10,57.611534118652344
41.418342590332031,10,57.611534118652344
41.000461578369141,0,53.999538421630859
41.000461578369141,0,53.999538421630859
41.016742706298828,7.2453808784484863,57.516532897949219
41.016742706298828,7.2453808784484863,57.516532897949219
41.210212707519531,8.6240520477294922,57.995384216308594
41.210212707519531,8.6240520477294922,57.995384216308594
40.848289489746094,6.0449719429016113,57.099594116210938
40.848289489746094,6.0449719429016113,57.099594116210938
40.689990997314453,4.9169387817382813,56.707794189453125
40.689990997314453,4.9169387817382813,56.707794189453125
40.343570709228516,2.4482927322387695,55.850364685058594
40.343570709228516,2.4482927322387695,55.850364685058594
40.516075134277344,3.6775858402252197,56.277332305908203
40.516075134277344,3.6775858402252197,56.277332305908203
40,0,55
40.174148559570313,1.2409924268722534,55.431034088134766
40.174148559570313,1.2409924268722534,55.431034088134766
40,0,55
40,0,55
49.747493743896484,1.7993690967559814,54.375026702880859
49.747493743896484,1.7993690967559814,54.375026702880859
49.879287719726563,0.86020380258560181,54.701225280761719
49.879287719726563,0.86020380258560181,54.701225280761719
40.981128692626953,0,55.981128692626953
40.981128692626953,0,55.981128692626953
48.930534362792969,0,53.930534362792969
48.930534362792969,0,53.930534362792969
47.926628112792969,0,52.926628112792969
47.926628112792969,0,52.926628112792969
48.518714904785156,10,55.994461059570313
48.518714904785156,10,55.994461059570313
48.497482299804688,10,57.210842132568359
48.497482299804688,10,57.210842132568359
41.900070190429688,0,56.900070190429688
41.900070190429688,0,56.900070190429688
42.885562896728516,0,57.885562896728516
42.885562896728516,0,57.885562896728516
43.8680419921875,0,58.8680419921875
43.8680419921875,0,58.8680419921875
43.722137451171875,0,51.277862548828125
43.722137451171875,0,51.277862548828125
42.751220703125,0,52.248779296875
42.751220703125,0,52.248779296875
42.918560028076172,10,58.499740600585938
42.918560028076172,10,58.499740600585938
44.223392486572266,10,58.522518157958984
44.223392486572266,10,58.522518157958984
45.533008575439453,10,58.545375823974609
45.533008575439453,10,58.545375823974609
46.448768615722656,0,58.551231384277344
46.448768615722656,0,58.551231384277344
45.637332916259766,0,59.362667083740234
45.637332916259766,0,59.362667083740234
47.195442199707031,0,56.390342712402344
47.195442199707031,0,56.390342712402344
47.918331146240234,0,55.667453765869141
47.918331146240234,0,55.667453765869141
44.567508697509766,1.7362909317016602,51.588951110839844
44.567508697509766,1.7362909317016602,51.588951110839844
44.771331787109375,0.91801667213439941,51.506603240966797
44.771331787109375,0.91801667213439941,51.506603240966797