515.65825496423645,2.0817243254588265,-998.5442262259769
515.5220822083852,1.6757911795778773,-998.57053778463319
515.50224495216025,2.4820477257421971,-998.57625394935349
515.14574004899998,1.4193009526656899,-998.64513850421304
515.12730679347396,2.0817369444193172,-1000.2639045110573
515.11364269418425,2.7238514480115716,-998.65438745301594
515.01040049145081,1.6758033406356323,-1000.2278143060327
514.99390239173658,2.4820598074387523,-1000.222715338018
514.68783771954133,1.4193118355573207,-1000.1282299546023
514.6729783995662,1.410224193620558,-998.73953344542156
514.66114323345391,2.7238622024940833,-1000.1199796510473
514.64088104475024,2.7147746889663802,-998.74878239422458
514.5929580272134,2.0817476188049673,-1001.9947604139257
514.49685825388747,1.6758135993809264,-1001.8912739589465
514.48329356079978,2.482070007585027,-1001.8766731365331
514.28437614158997,1.6520279158899387,-998.81766694908379
514.28282649310904,1.4102334662986911,-1000.0031892942654
514.26453888536491,2.4582844620541633,-998.82338311380431
514.25613200702139,2.7147838332353937,-999.99493899071024
514.23170108792158,1.4193209475430169,-1001.6057420800227
514.20975295345897,2.7238712196645749,-1001.5821174530942
514.12836612951389,2.0523513161733105,-998.8496946724606
513.95006733482592,1.6520358613540282,-999.90045360729459
513.9335692351118,2.4582923281570523,-999.89535463928007
513.89876755435387,1.4102411384287368,-1001.2472282500313
513.87681941989104,2.7147914105502351,-1001.2236036231026
513.81666293308899,2.0523587243734647,-999.85926443425546
513.62522694701272,1.6520423505082906,-1000.9526725665919
513.61166225392515,2.4582987587122958,-1000.9380717441787
513.51556248059944,2.0523647392883517,-1000.8345852891998
513.33786574734677,2.7238579888726235,-1001.7821116616202
513.32854659027123,2.4820524844274257,-1002.1415499517906
513.23074419772195,2.7147816064301731,-1001.3718008919697
513.20634632775182,2.0817265771257412,-1002.3128225524947
513.04809873242596,2.4582902066981682,-1001.067342410896
513.01794130663666,1.6757911569797708,-1002.2305091516041
512.91905809539981,2.1757894183720801,-1007.3878932096254
512.85969371131102,2.0523547865522951,-1000.9850290100061
512.8443202591817,1.7569037657302236,-1007.4080378734916
512.83529584134067,1.4192997572477957,-1001.9260506705306
512.73749344879138,1.6520288792506088,-1001.1563016107094
512.72817429171596,1.4102233748054047,-1001.5157399008802
512.68771843895024,2.5531583329592897,-1007.4821182163571
512.49205224348691,1.4565014569426342,-1007.5348576310495
512.4595355908566,3.5945531480021358,-1002.0311325804095
512.40416114862262,3.3984025872513599,-1002.4036282947618
512.34607822651776,2.175803116661295,-1009.2438052716304
512.30817813051658,3.6293281499563386,-1001.6333634126252
512.28352113277742,1.7569171728131636,-1009.2244958671839
512.23866517565284,2.7448684104166201,-1007.6547221437042
512.16320595864045,3.1157993149982959,-1002.6085698534644
512.16142876271942,2.5531709150212212,-1009.1867982780341
512.00790217300175,3.4894447243261952,-1001.3622550938264
511.99765216507052,1.45651327661664,-1009.1362456008912
511.99680845716068,1.3893259636677868,-1007.7199116453579
511.828706713717,2.8546881759118925,-1002.5676765467988
511.82562204453529,2.1758147433562836,-1010.929764288593
511.80010256055022,2.7448788951785934,-1009.0752496203529
511.77617341357575,4.3375888668786544,-1002.8815572955864
511.77314061262331,1.7569285744235992,-1010.8778159156807
511.77032418846176,4.6253024075296452,-1002.5556557494468
511.74342138932616,2.6776929171415205,-1007.8397761580126
511.6734029280787,3.2283335852397936,-1001.3213617871615
511.67070806512868,2.5531818774424062,-1010.7764325518779
511.59766355273189,1.3893355060664583,-1009.0127630749598
511.56410512614332,4.0117838232826903,-1003.0645145260894
511.54879165598646,4.7650276517307857,-1002.2112932013091
511.54775519386249,1.5810360411251034,-1007.8925155727055
511.54254542288595,2.5910403450710091,-1006.7779302988176
511.53330989260576,1.4565236497588161,-1010.6404299459339
511.52843075620228,2.7148047502817247,-1002.2965682280003
511.48563994038955,2.2232065013346807,-1006.5064580628134
511.43244773809613,2.9457303129867745,-1001.5263033458632
511.40011394821113,2.6777011246281592,-1008.9517670944213
511.39221699428134,2.7728686861905452,-1007.1342256128014
511.3911533736316,2.3772906083541967,-1007.966595915571
511.37707329586237,2.7495797522359968,-1001.8987990602161
511.36757054920565,2.7448885576976347,-1010.4763882174074
511.31641553741406,1.9584049557122578,-1007.9867405794365
511.24681994172425,4.9204580320912079,-1003.7525692588941
511.24323650695828,1.8098671810768856,-1006.4235020719415
511.23633735056205,1.5810434862238161,-1008.9012144172783
511.21512220402701,3.7723337296895858,-1003.0346439973903
511.21338159387636,3.4597741661823407,-1006.3491466831131
511.19773706798253,1.3893444401965869,-1010.3082797513432
511.19619371394185,4.7033943052834726,-1001.98000444011
511.12825749816324,5.3322796839346847,-1003.6121289724057
511.12718684708113,4.3036038937145094,-980.0687663976762
511.11953377795328,4.5012997032685957,-1003.7960237791846
511.11424498050457,2.3772972284319009,-1008.8635168281287
511.11141102450529,3.2108767354689731,-1006.018970637063
511.09207500482631,2.699239278503883,-1007.4392513048563
511.06241288965327,3.6432923317465926,-1006.7046079452646
511.05168788676457,1.9584112845836874,-1008.8442074236824
511.03199772458203,2.6777093481351528,-1010.1442380228164
511.01815650683034,4.7064857398289881,-980.145071361487
510.96579790346448,3.9084275644740316,-980.03217180239301
510.9079249951742,1.5089039557487309,-1006.5607486951434
510.90439924489385,4.0330940436161651,-981.49654864846218
510.89459955205893,1.5810511204518005,-1010.0082354168724
510.87707096535843,4.7447442213217563,-1005.2767400537687
510.86252426198251,3.7107003832421785,-1002.8033552361912
510.847210791826,4.463944211690249,-1001.9501339114114
510.81193233529473,4.3551199295773975,-1005.0640114284527
510.80913327092031,5.5794627850984497,-1003.428346335768
510.79715129550669,4.4381400778658513,-981.56143077718707
510.79545047318663,2.9916703984266095,-1005.8401958344357
510.79501799511218,4.2349089324101339,-1003.7258943834905
510.79216700456476,2.3773044234706351,-1009.9068520530699
510.75676349304206,2.3982760531760068,-1007.5764979280583
510.75302801349483,3.6500812719691291,-981.39575339049702
510.73968557265317,1.958418254537869,-1009.854903680158
510.7161698256109,3.6913335304690631,-1006.9495803030605
510.68035276688329,4.9631859310520134,-980.23194079116001
510.67654387218101,5.1176142550322101,-1005.4741725759768
510.64099172950733,3.8504256274433937,-1002.4589926880536
510.635142504393,4.1381391680945585,-1002.1330911419137
510.60778300571917,1.4352745480623361,-1006.865774387198
510.59563476703374,3.6719006783279893,-980.04926546723118
510.51436005961142,1.9849367329181238,-1007.4935419371859
510.50600872469255,4.0975646164034405,-1004.91724180452
510.47224923677567,4.7105055566431018,-981.56561700876114
510.45745457711405,1.6171028891818491,-1007.2220697011824
510.41134186816936,5.5675917923821467,-1003.2714200696346
510.40085626678524,3.4353996235685997,-981.2975453659293
510.39722659236128,4.2230379396936764,-1003.5689681173571
510.38618613142074,2.8858845252558627,-1005.8811081735014
510.37696762559085,3.3110698473319919,-984.87695857197059
510.30690548384507,3.5855476572982932,-1006.9904926421266
510.28694558969005,5.3313063512181635,-1005.5808964820784
510.28116879932327,2.3772972152931144,-1010.0703541648827
510.27077241006032,3.7175570149701738,-984.93509352846399
510.24280517437262,4.9756537192550239,-980.29619351714382
510.23877813285702,1.9584111887014131,-1010.0151770889281
510.22460053677753,2.9266938029443414,-984.78254595426108
510.21615477578479,2.1137226282692123,-991.99988288857867
510.18316248676803,2.6776973744040959,-1010.4158365383104
510.15808717452319,3.6843684665309748,-980.11351819321499
510.11558464818899,1.7075801470874947,-992.06900803297378
510.11520473106151,2.513722288553855,-992.0981224268844
510.10403359902011,3.0411874786819446,-986.62634937777693
510.08682608532877,5.3012010215233856,-1003.2012906739408
510.07810236511853,4.4702210408574556,-1003.3851854807192
510.07615255484166,4.0704556574485284,-1004.8924921897963
510.07218228115437,1.5810395193744895,-1010.2713810780606
510.05379461212112,4.7461561244172792,-981.50750834500786
510.03994306737849,2.9339257239783909,-1006.1260805312975
509.99837232401859,3.4482026168941049,-986.68106200300645
509.99094493252693,3.3663413202559087,-1006.8117178394988
509.98240164213081,3.4710501913427367,-981.23943670217625
509.98219427547548,2.7448690154800466,-1010.9196616850768
509.959539921557,4.8820426927012779,-1003.244745194231
509.95116173681447,2.6563123047410393,-986.53517214241469
509.94657785307606,3.9908910238116881,-984.93474524629573
509.88897436315494,3.1174438895426277,-1006.4815417934494
509.87264203794177,4.7391268331089806,-980.31328718198188
509.87187019278042,2.7112474663020367,-984.68791808633387
509.85708941983916,5.3041973922633989,-1005.5561468673548
509.85190871876284,1.4504274685448897,-992.27909440438839
509.8512939999373,2.7547928532010011,-992.32620248329749
509.84501519718015,1.3893253586043606,-1010.7411049164866
509.8315909135585,4.6088134123244524,-977.27510498855804
509.82028343457591,3.941068657754033,-980.200387622888
509.75502719150154,2.5531548547099026,-1011.3893855235024
509.72810888070387,2.6596697426608036,-1008.9126412819128
509.72307062870584,5.0115751023327713,-977.35250977218561
509.71125309432529,4.3439505038684807,-980.27669258669914
509.70240157239789,4.2060516739986564,-977.30794159820766
509.70162286541148,4.5314744760167471,-981.40930032044025
509.6865542723508,4.2841477536344561,-1004.999216095898
509.67453692756584,3.7218917705161738,-986.67841165487903
509.65749958339961,3.7434156701200392,-981.24362293375032
509.64404698588748,1.4564969996800583,-1011.2449300632527
509.6288917558511,2.9606880990359423,-1009.2555890782567
509.59814859284097,2.4405863300907833,-986.44235690182779
509.58928881819043,2.2900171017434112,-1008.6556098492376
509.58843133979826,2.175783185382925,-1011.6455895126361
509.55116580923749,5.0466420790891826,-1005.4093772434219
509.55025163401262,4.1484617043697378,-981.30850506247521
509.54604067333253,1.7568971587913054,-1011.5904124366807
509.52821525643844,4.0266675727604628,-984.87604675741602
509.52584223053202,1.4404881755466066,-992.54989614951501
509.52522751170613,2.7448535602026585,-992.59700422842423
509.48602717917282,4.6570177873452554,-1005.1966486181062
509.45350759614286,2.747024015250819,-984.62921959745427
509.41829177818505,5.2604954678067797,-977.51058995263645
509.41576035824551,2.1778205915689721,-991.0374382089459
509.38484854256347,3.9571311820278328,-977.43847713232378
509.32953501305997,3.0780933899714484,-1009.5534588364337
509.30512471421173,2.5785959034268071,-991.1240311723617
509.26545611387132,1.992924921082881,-1008.5826720513354
509.26193149940775,1.681558740193758,-992.77797620592833
509.26155158227988,2.4877008816600243,-992.80709059983872
509.25622152434664,3.7577149852167886,-986.61941067629743
509.250090366503,1.7768915009500248,-991.02828317481931
509.17983318962189,2.4764095447914225,-986.3833559232462
509.17548491244122,3.8112212361181332,-984.78141888948892
509.1609814546843,2.0815584004784027,-992.87621574423383
509.15508975974655,4.2211848345407512,-1008.3741739742056
509.1373760755597,4.6672171412935235,-975.77892204404043
509.12931303915855,3.0203580240923777,-984.62887131528589
509.11383100095065,4.3642628011653866,-1008.7715853725279
509.03366952384295,5.2604953896274189,-977.68896427392656
509.02581219386536,4.2603709796490428,-975.82113475756091
509.02311782362813,3.4268451917305569,-984.68700627177941
509.01126567209133,5.066275410652497,-975.84675165951955
509.00022628822126,3.9571311038484938,-977.61685145361355
508.96975458147472,3.9782889677010944,-1008.0734321866155
508.96044249005524,2.8261348892455631,-991.25498649622864
508.94438275331567,2.9670407847887179,-1009.6924744330397
508.90320838037303,3.5419890105665277,-986.52659543571042
508.88030385412679,1.881872315900174,-1008.7216876479417
508.87139504491415,1.5289499171077949,-991.10006298185033
508.86173774861345,4.3528719473658466,-1009.1138687349403
508.85599779316908,2.7500986984135194,-986.38070557511878
508.75033651816761,3.1571138366256961,-986.43541820034818
508.71918763789648,4.0011383312757927,-975.95726597827388
508.71611649400842,5.0115748976565939,-977.81949980804256
508.69565087125011,5.3051190923244684,-975.99871499632866
508.69544743770052,4.2060514693224791,-977.77493163406461
508.62861720492458,3.7283531660522096,-1007.9842331507786
508.62055004899571,2.6699486041282636,-1009.619536635138
508.58692715284792,4.6088131593307988,-977.85233641769219
508.58094711133538,1.9992776068354385,-1009.0195574061183
508.51337058008596,2.8258860699832664,-991.38028369783706
508.49510105679377,4.191363192132501,-1009.2702834507841
508.48172998648295,2.3002959632108331,-1009.3625052024627
508.4243231349451,1.5287010978455702,-991.22536018345863
508.38724494288039,4.7018839117460276,-974.16142353496468
508.33462256625006,3.9885372568579682,-976.13531820679623
508.31108579960375,5.29251801790722,-976.17676722485089
508.30606429546049,4.2936336107953501,-974.26915124179595
508.28516813764082,5.099831485659033,-974.28107650186746
508.26198051310456,3.5668444108187982,-1008.1406478666227
508.15396368024284,3.9414273904834651,-1009.1810844149477
508.134675258497,2.5779444861410097,-991.45206350486808
508.09123021147997,5.330406055053416,-1007.7860592759597
508.0796409107885,1.7762400836643326,-991.35631550732569
508.07263444346529,4.0310183218537343,-974.5631112998841
508.05464256407623,5.4686137397992391,-1008.1860529223534
508.03882374988029,5.3354738850420738,-974.58240677600259
508.01900776540913,4.2273809385296373,-976.28728154360533
508.00988726076719,3.5554535570188963,-1008.4829312290348
508.00446124363572,5.0332853695335249,-976.31289844556375
507.96900526675472,2.1770153955221581,-991.44290847074137
507.96862850197152,3.6985315236439074,-1008.8803426273573
507.96480584880339,5.0260874873672279,-1007.5178841148511
507.89289736194081,4.626439207889157,-976.35511115908423
507.86901814433179,5.387919903538501,-1008.5650810763943
507.77611765636971,4.0143481593307948,-974.93102095837207
507.74230696278482,5.3188037225197151,-974.95031643449045
507.72365928558315,4.6718973861891824,-1007.4839612356315
507.6052591714477,5.1191468490401135,-1008.7783678659312
507.52977326860946,4.2499905587135416,-975.23235123250697
507.50887711079019,5.0561884335776659,-975.2442764925778
507.45990031269878,4.4031243316906634,-1007.6972480251686
507.42769646337001,4.6479381326270897,-975.35200419940986
507.36411260822706,4.7649567478616364,-1008.7444449867123
507.27427589295434,4.3224304954294936,-1008.0762761792093
507.23768824555071,4.460638180175776,-1008.4762698256035
506.58128038651705,6.1674539015099201,-1007.917813888702
506.54900734745991,6.014022957353804,-1008.3247610614277
506.54350383732907,6.0645183908181837,-1007.5042815615033
506.45901192415738,5.6628309640917216,-1008.5696830913239
506.45010705770835,5.744534291713328,-1007.2421193733742
506.34566930947881,5.2480213265719415,-1008.5590280875642
506.33676444303006,5.3297246541940844,-1007.2314643696138
506.2522725298582,4.9280372274674704,-1008.296865899435
506.24676901972748,4.9785326609317471,-1007.4763863995106
506.21449598067022,4.8251017167752757,-1007.8833335722359
505.26473345955554,5.3433300648189324,-1008.7876321758581
505.23115274446747,5.7710942890332859,-1008.8293595821594
505.18459412257863,5.0221770248093689,-1008.5226662084031
505.09667866911161,6.1420783029722532,-1008.6319099763616
505.02134523642593,4.9303047146964278,-1008.135669673499
504.91267575966788,6.3145788225950836,-1008.2707023968137
504.83734232698242,5.1028052343196126,-1007.7744620939518
504.74942687351535,6.2227065124825867,-1007.8837058619101
504.70286825162628,5.4737892482588624,-1007.5770124881533
504.6692875365386,5.9015534724726191,-1007.6187398944551
504.42221926760567,4.5434376684165283,-973.2720800711038
504.41547673728263,4.1381619862906565,-973.39650402616246
504.37188742938042,4.9434530210291143,-973.40333928017776
504.35423525582411,3.8824275104107797,-973.72908542353844
504.28370627409265,5.1854157754540982,-973.74014509685469
504.26188698762633,3.8739161184671174,-974.14278947345747
504.21966140432437,4.9332190174377422,-1009.5794929401742
504.19135800589493,5.1769043835110136,-974.15384914677361
504.17370583233861,4.1158788728917983,-974.47959529013428
504.15220365905719,4.617042534625865,-1009.3049180133619
504.13011652443663,4.9211699076306896,-974.48643054414879
504.12337399411342,4.5158942255049306,-974.61085449920813
504.06982859750065,5.315363165157537,-1009.7093056318436
503.94518891510734,2.0435639200528146,-1013.4605549208125
503.92915430762469,1.6401618433334122,-1013.3298242905414
503.89322192758664,4.4876023867111297,-1008.9904591409896
503.75993627816291,5.617508901956608,-1009.6447720523228
503.66797706299116,2.4423475551668474,-1013.4100071533287
503.62599791560552,1.3862272071816286,-1013.0677499199073
503.62244902576651,3.9916133299241028,-1010.7369521918785
503.58016153689613,3.7151219866544323,-1010.4135947093453
503.54163842886908,4.5943403106894403,-1008.7562289242403
503.51582022654389,2.7774844253003788,-1011.540011854567
503.46726839089246,2.4296640925752286,-1011.2638334104322
503.41228307261815,4.278632132348851,-1010.9836967505101
503.40835277944507,5.7242468259345554,-1009.4105418355728
503.30543765306282,3.0620366801400198,-1011.7883878584794
503.30157298945676,3.5547683980725671,-1010.1371358707203
503.23174610953089,4.896486047488712,-1008.6916953447189
503.20340425670088,2.6841909542178537,-1013.1974885172127
503.17832729711148,2.151431227085657,-1011.0653433047738
503.15151517689412,1.3787544116880022,-1012.7744353109127
503.14937104797468,5.5948066780202685,-1009.0960829632008
503.08191330270773,5.278630195207997,-1008.8215080363885
503.02993992827618,4.4665469668115199,-1011.0595803503811
502.93720963199314,4.0428084186537063,-973.064931779223
502.91844977660719,4.4464391047894054,-972.93478769192188
502.916479662879,3.1746315673194534,-1011.9140902306642
502.89309473969365,3.5718021847997523,-1010.0131735558691
502.89206192476706,3.7881120493408509,-973.40112297679332
502.84294798574319,4.8448309045455655,-973.06040133280203
502.80025154457559,3.7796353531163907,-973.81494767387699
502.75936262227845,2.0490613266626738,-1011.0203580115235
502.73954337729936,5.0858116912564659,-973.39379256049756
502.72892151798891,2.6767181587234403,-1012.9041739082177
502.69684693613203,4.0206161398270019,-974.14833890157252
502.68694237060299,1.6205978107387444,-1012.5619166747965
502.64773299710805,5.0773349950325901,-973.80761725758111
502.62146167851262,4.4835807535382592,-1010.9356180355293
502.62134514526792,4.4190079395836959,-974.27395254245243
502.60258528988203,4.8226386257192795,-974.14380845515063
502.51075159535094,3.7597170192624048,-1010.0890571557397
502.4975149880454,3.0722616668958223,-1011.8691049374132
502.42576512597003,2.4227835225721344,-1012.642099537584
502.40973051848778,2.0193814458523818,-1012.511368907313
502.37040463209377,2.1616562138418054,-1011.1460603837081
502.34287313107342,4.3232271649567364,-1010.6591591969049
502.30058564220337,4.0467358216868465,-1010.3358017143714
502.20857389426459,2.7940288014067765,-1011.6706148317551
502.16002205861355,2.44620846868124,-1011.3944363876203
501.6629004730521,2.0068914115672554,-1012.7503481106062
501.62976678161613,1.6029175373853304,-1012.90020378783
501.62277284688884,2.4093542274363653,-1012.8990501735127
501.53602771653595,1.3517368942616708,-1013.2913774298942
501.52471129243236,2.6565788685387135,-1013.2895108427182
501.41748841459889,1.3492919505523793,-1013.7744540010322
501.40617199049518,2.6541339248301967,-1013.7725874138566
501.31942686014236,1.5965165916552002,-1014.164914670238
501.31243292541518,2.4029532817062904,-1014.1637610559203
501.27929923397897,1.9989794075239504,-1014.3136167331447
501.16772315529772,3.7353493514873652,-972.66806231335954
501.14136115289614,3.4839171129590412,-973.00846686476871
501.11919155959498,4.1338070161695057,-972.53124086806042
501.08628751257129,2.0077015550959283,-1012.1672817314295
501.05017494129692,3.4755488698341943,-973.42243155357266
501.0143037858187,4.5270928221738265,-972.65026367058385
500.996790472604,1.603806871645389,-1012.2601432448055
500.98948206185304,2.4102440035365023,-1012.2586716348671
500.92899455402488,3.7134410065614762,-973.75183593879046
500.89312339854689,4.7649849589014703,-972.97966805580188
500.82410678024866,4.106726812566353,-973.87085874131378
500.80193718694733,4.756616715777116,-973.39363274460561
500.77557518454597,4.5051844772483749,-973.73403729601409
500.75517576932464,1.3528339943881704,-1012.5017862331338
500.74335051232623,2.6576766835774772,-1012.4994051182349
500.45373200720502,1.3506460321810962,-1012.7999112880156
500.44190675020627,2.655488721371178,-1012.7975301731169
500.20760045767821,1.5980787122225442,-1013.0406447713837
500.2002920469273,2.4045158441137122,-1013.0391731614449
500.11079500695968,2.000621160662758,-1013.1320346748214
499.68866875645398,3.1704246577675654,-973.11704061794251
499.65807787750811,3.4286186136545491,-973.46676456910427
499.65055170619507,3.1498150259981679,-972.67407272330775
499.57046374536941,3.8257755781990381,-973.5896619141306
499.55828614437974,3.3746618971855082,-972.30705956502561
499.45929198061992,4.2101950898143254,-973.43879004434802
499.44711437963036,3.7590814088009585,-972.15618769524349
499.36702641880453,4.4350419610021277,-973.07177688606646
499.35950024749184,4.1562383733449213,-972.27908504027016
499.32890936854585,4.4144323292322216,-972.62880899143192
498.38866989993784,3.0736600662747087,-974.03092171810408
498.34410943512967,3.4828559241340695,-974.13468491977824
498.31699073023117,2.7868688205080283,-973.72664917428756
498.20032991880862,3.8581574844400182,-973.99830476305169
498.15645093255154,2.7320266950419168,-973.33808905822207
498.01225023932295,4.0562123071866107,-973.67387383240225
497.9683712530657,2.9300815177879738,-973.01365812757217
497.85171044164349,4.0013701817199809,-973.28531371633699
497.82459173674476,3.3053830780941267,-972.87727797084585
497.78003127193699,3.7145789359530106,-972.98104117252046
496.38629740708984,5.2067682955394448,-980.18428402926349
496.32300593140565,4.7947421781966026,-980.30894074886351
496.18623896785903,5.5641223101831629,-980.06873561522843
496.09364924756125,4.3644822553612901,-978.64614197104856
496.0678368203354,4.0603265560878912,-978.96778643466337
496.02053973331823,4.4854239307270287,-980.39509114406735
495.96409658083718,5.3813650015527754,-982.06493610192285
495.94456881641071,4.9512408622417157,-981.99465167227254
495.87129452288337,4.6576641596793138,-978.41340555062618
495.80371671107247,3.8613742011097436,-979.25548168866305
495.799246137762,5.7303071345498244,-980.00643107357348
495.748864491576,5.744993919391292,-982.01697722017911
495.69774014058191,4.6189143032931748,-981.832970194474
495.59443062004925,4.3969626103221016,-980.40982869205152
495.56247943653455,2.4616582197555568,-977.69060659093657
495.53251067169833,2.1426131594134592,-978.00477410922053
495.48570459356853,4.8278867464788506,-978.3584745755777
495.40217382439903,3.8436182278856252,-979.39933792442287
495.38108389125432,5.9032337284349872,-981.86909368980423
495.37313702449285,5.6418458141458272,-980.02116862155754
495.37128225533462,2.8664566380197467,-977.51392029710746
495.3178907181196,4.5113227748597247,-981.6416484976952
495.29282301039115,2.0311858261021127,-978.33642153813651
495.28875317120998,2.5629664558517327,-975.40871016666063
495.26150319071326,2.9750141173254421,-975.50477955349709
495.20743778995234,4.563147434689375,-980.34752415039657
495.20493991394318,2.2741761883281586,-975.10983073728471
495.13359853880957,3.352930971051745,-975.36134365730049
495.08416170689486,4.8101307732554366,-978.50233081133695
495.07067082640594,5.3325275666759406,-980.10731901676149
495.04207723448025,2.2189513813295121,-974.72230304885147
495.03194995276272,3.2023891770216251,-977.54220338663004
495.0165838950843,4.0138408146856062,-979.34440694937416
495.00737935072181,4.9205014493326455,-980.23197573636162
495.00123446879172,5.7956422000024856,-981.67777199302532
494.97454313425374,4.3889529721636151,-983.24636954653158
494.9538944452068,3.552365623828718,-975.03319011521023
494.95011011779792,4.6695625839040655,-981.49376496732054
494.93496899254876,2.1699376738694802,-978.55887083212099
494.88669591255109,4.1487820623350125,-982.87953893560598
494.86237314087731,2.4183860341059309,-974.39414950676087
494.84000624926313,4.7297715515809493,-983.51545848106662
494.8200415976325,4.6111784182769835,-978.79002606533697
494.79422917040671,4.3070227190031778,-979.11167052895189
494.79103176574409,3.497140816829539,-974.64566242677745
494.7544057929635,5.4633156410536357,-981.51609051522701
494.73487802853703,5.0331915017421291,-981.44580608557681
494.73446848897379,2.7963028878324492,-974.2507136105645
494.70721850847735,3.2083505493056825,-974.34678299740142
494.68509382870855,1.8590488845153521,-1005.6941896560497
494.6740959349201,3.3411410247895783,-977.76465268061372
494.67025340236307,2.2634947779021277,-1005.8684652173707
494.62360452831996,1.4558046149549277,-1005.8153734927407
494.61001923702941,4.1009959465395038,-982.55508347354908
494.59563668997697,2.505870212871637,-978.58715392164299
494.58475178773938,2.514657710451901,-1006.2716328356892
494.53447377490642,5.0410566872469094,-983.58402291221614
494.50927232400056,1.2077875744248914,-1006.1857286207172
494.46124769553069,2.5166019786452565,-1006.7496961839714
494.43440827361343,3.2297136914777522,-978.09630010952992
494.42827863573865,2.8293849171263372,-975.87510157793031
494.42210686621843,2.4114958738844541,-975.7938863022124
494.40443950877727,2.9106686311353607,-978.410467627814
494.38576823179199,1.2097318426174652,-1006.6637919689989
494.3469154912114,2.2685849381149668,-1007.1200513119472
494.30026661716818,1.4608947751677097,-1007.0669595873176
494.28909565580017,2.9622291640042473,-983.70584828847336
494.28542619082248,1.8653406685541276,-1007.2412351486388
494.26146866937086,2.7572883253418285,-976.63130880191068
494.25896115568241,2.8421843272988929,-983.30033087871709
494.25019419384296,4.2638472968226315,-982.39693411903284
494.23635426742123,2.3312121259765775,-976.63596702521818
494.21636755533149,3.1926193074980631,-975.76900187217962
494.20020965295748,2.0985715887641776,-975.55637751994504
494.17464873172025,5.2039080375295548,-983.42587355769945
494.12133373277055,3.2338915289960868,-983.9972090952657
494.04244058722946,2.9196100663265323,-982.93555073349376
494.00532136664492,3.1014034692317276,-976.72574717915063
493.94466171948659,4.5751324324881768,-982.46549855018236
493.9395710087345,1.9859214974957684,-976.73794256609631
493.89797205619794,5.1561219217347949,-983.10141809564288
493.86731645511929,3.3624558537605305,-975.5161136663603
493.84734418941144,2.010138502777076,-975.25329551332652
493.81975473917373,3.5534056323111951,-984.06312337388988
493.81012483449592,4.9159510119058893,-982.73458748471751
493.7222374483257,3.1649323803841325,-982.75084146985887
493.56575192275739,3.2321172687239152,-976.88320990667444
493.51445099157343,3.2740227677728901,-975.21303165974223
493.49955160027042,3.7987279463682748,-983.87841411025488
493.49829308919868,2.1799750490389167,-975.00040730750698
493.48448001083563,1.853305723983014,-976.89828423395113
493.45943429024618,1.9870679676726111,-1007.4882882093369
493.45326793775013,2.4002827222830465,-1007.3873400869509
493.42065845472939,3.4844464836988776,-982.81675574848327
493.39186349814361,1.5947671026233587,-1007.3386617320314
493.37571977772222,2.6765773748450759,-1007.0743761165238
493.29255377831248,2.9610984826523263,-974.97552287747465
493.28638200879186,2.5432094394108926,-974.89430760175651
493.28303103181673,3.8761536853966998,-983.51363396503166
493.27636530737863,1.3732257237666123,-1006.9956128837471
493.25641057152779,2.710416758990243,-1006.6689378975035
493.25289653169949,3.7561088486909382,-983.10811655527561
493.15705610118437,1.4070651079125236,-1006.5901746647272
493.14091238076287,2.4888753801339463,-1006.3258890492194
493.11066092485868,3.0995014952106401,-977.04355157452926
493.07950794115629,1.6833597604743469,-1006.2772106942996
493.07334158866041,2.0965745150842925,-1006.176262571914
493.04491056694746,1.9840195234745286,-977.05574696147505
492.81387766617195,2.7542108667295335,-977.14552711540739
492.78876326422193,2.3281346673647345,-977.15018533871466
492.5795939533046,2.4399484386209558,-984.3616545166451
492.49581315032407,2.0387501999948259,-984.12975484330514
492.44011284070501,2.8429373891808964,-984.38925115481425
492.39990783957376,2.4327739750798236,-985.17626190629437
492.27218609504587,2.8362324508342556,-985.1505474235878
492.27175175511871,2.0298039309843885,-985.14553766858683
492.22077185089631,1.7925867642315643,-983.78212992802946
492.13064685674948,3.0937889696515528,-984.20200378000686
492.09051252109646,2.4280334014746239,-986.57889829710507
491.9796453871482,2.8317501245820953,-986.47677383422092
491.97680310368605,2.0252847100771287,-986.48268043453447
491.9373718868419,3.0860719335588676,-985.07821627885789
491.93666911007637,1.7812431789448255,-985.07011032499099
491.85952648309319,1.7954841970039441,-983.451560673117
491.76940148894607,3.0966864024249645,-983.8714345250944
491.72431936312626,1.9346217048077357,-1008.0073529473599
491.69266719121788,1.543406530030065,-1007.8469813090915
491.68654917877382,3.0822288129993707,-986.21531511962053
491.68195026752585,1.7773403615793759,-986.22487219968536
491.68031390538215,2.3466927198137273,-1007.9177245046941
491.59744744350814,1.3224780953295485,-1007.4978661048744
491.57745940715336,2.6222224530930704,-1007.6123309998327
491.55006049913749,2.0463357774752535,-983.26431329830962
491.52335286257829,3.086862232584743,-984.98689651094617
491.52265008581315,1.78203347796967,-984.97879055707926
491.49436018951883,2.8505229666612912,-983.52380960981895
491.47503082722199,1.356223553681863,-1007.0933574767307
491.45504279086708,2.6559679114446419,-1007.2078223716887
491.41057938653836,2.4493247280348096,-983.29190993647899
491.37217632899291,1.6317532869609988,-1006.7879639718689
491.35982304315735,2.4350394767445747,-1006.8587071674719
491.32817087124903,2.0438243019664997,-1006.6983355292034
491.32317668559779,3.0837951212087407,-985.89439049562588
491.31857777435016,1.7789066697877145,-985.90394757569084
491.18827021753657,2.8383014805447693,-984.91146916735056
491.18783587760902,2.0318729606949355,-984.90645941234936
491.06011413308158,2.4353314364489829,-984.88074492964301
491.02832384943815,2.8358507727105766,-985.63658226077723
491.02548156597572,2.0293853582056438,-985.64248886109044
490.91461443202786,2.4331020813127306,-985.54036439820652
488.49334303545862,2.4928599601076504,-987.85532639662972
488.45795436922782,2.8952164444683657,-987.7264189763431
488.44107506469561,2.0890039987971063,-987.73730650630114
488.34842633368635,3.1423869504475253,-987.39982249858804
488.3211150452467,1.8379078111985554,-987.41743889211307
488.20659491569023,3.1399607457777794,-987.00028571726034
488.17928362725053,1.8354816065277837,-987.01790211078571
488.08663489624155,2.888864558178823,-986.68041810307295
488.06975559170917,2.0826521125075956,-986.69130563303065
488.03436692547854,2.4850085968679307,-986.56239821274448
486.76792052698607,2.5505545382233414,-988.46754848064779
486.72737527588731,2.1463065932901895,-988.34536908282007
486.72085162685562,2.9533015855701201,-988.34278549287251
486.61470278139609,1.8949667258532952,-988.02291567663326
486.6041472955323,3.2007120521128734,-988.01873534028562
486.47294010681105,1.892538222544315,-987.62335450346313
486.4623846209472,3.1982835488049215,-987.61917416711526
486.35623577548785,2.139948689087718,-987.29930435087613
486.34971212645621,2.9469436813676193,-987.29672076092902
486.30916687535745,2.5426957364341209,-987.1745413631013
485.54596471712637,1.7360308056505573,-1008.4280618609137
485.52378245924547,1.3204365422754374,-1008.5374901224545
485.47483326769486,2.121774689828996,-1008.619180852625
485.41675936261481,1.0337347827837451,-1008.9056677606711
485.33755790696426,2.3303271420068588,-1009.0378461386521
485.26577461256642,0.98543585466597083,-1009.3919634316613
485.18657315691576,2.282028213889816,-1009.5241418096426
485.12849925183588,1.1939883068442851,-1009.8106287176886
485.07955006028544,1.9953264543979483,-1009.8923194478584
485.05736780240443,1.5797321910223194,-1010.0017477093998
484.85426576072769,1.7414367220100164,-1007.561468341123
484.7859012969277,1.3262033918706406,-1007.6130373273118
484.71899295762921,2.1276818976677885,-1007.6722279786325
484.54001246777642,1.0405869261013936,-1007.8072373372406
484.4317525006611,2.3374063897332333,-1007.9030098228933
484.21052044855685,0.99368310687856309,-1008.0698905677323
484.10226048144125,2.2905025705111353,-1008.1656630533852
483.92327999158869,1.2034075989444606,-1008.3006724119933
483.85637165229053,2.0048861047417108,-1008.3598630633136
483.78800718849021,1.5896527746018281,-1008.4114320495023
483.62398810091548,2.401676254662156,-989.58317875578643
483.60977508356939,1.998675250576371,-989.45165531578323
483.55068462361714,2.8031809856072476,-989.46772515656585
483.51347446112163,1.7481106594107803,-989.12339232031866
483.4178640885084,3.0498282828346537,-989.14939386889932
483.37186979821001,1.7456896386120853,-988.72377507641193
483.27625942559649,3.0474072620369785,-988.74977662499236
483.23904926310109,1.9923369358401322,-988.4054437887454
483.17995880314902,2.7968426708709835,-988.42151362952836
483.16574578580287,2.3938416667848488,-988.28999018952504
482.90892445725149,6.4656880907660899,-994.95020411942494
482.90666859104294,6.0480638093132351,-995.06850797433651
482.75949643991783,6.1148427258521076,-996.20215247284307
482.74111556462333,6.5418308660780591,-996.24281027129598
482.72049785976628,5.4050779102980151,-993.8729338472923
482.68887587047584,5.7056967783576686,-993.53706900824216
482.65923712990258,6.797943835865631,-994.85707532416018
482.65333119549223,5.7045892724945775,-995.16679883731933
482.53504218828664,4.1669313405905006,-993.40423206626861
482.53264204153874,5.7593516095087018,-996.09644887207673
482.50026248065791,5.1759292379987105,-994.18380331562355
482.48452028527691,6.877221073413649,-996.20289237033523
482.47726285729402,4.2929175180302694,-993.00225982513768
482.41747503790583,5.962959652238486,-993.30449775136333
482.34204822835193,2.4754285925278423,-993.04153710290689
482.33686113375683,4.0850226319243337,-993.77083938897113
482.32140405074404,2.2533413929569321,-990.0453686427586
482.29457163527741,2.691713500077813,-992.65892687265443
482.2764256452806,1.8468369070105357,-989.92476154343603
482.25297868148198,6.917920642940814,-994.82469362300276
482.24567854507967,5.5664600791040328,-995.2075329394977
482.18559288137311,4.4148587265741721,-992.71846239915556
482.15557414711304,2.644309456688628,-989.96274576837538
482.14720303917068,5.6111430407917284,-995.96607465175725
482.14064034319688,2.365238206694968,-993.40208021916601
482.11229216244629,5.105777765800612,-994.35093584239814
482.08772127723478,6.9929056881500475,-996.09764605136741
482.05183973164054,5.6814313577985587,-997.65524949100893
482.0378191528481,1.5800668959019872,-989.64699228306279
482.01634500885996,2.9314794459138502,-992.40039363192079
482.00996125552177,6.0786008581611268,-993.26405439197811
481.98970121336981,2.0892742999102936,-991.1668356468424
481.95841812061019,4.0784777347671684,-993.96205025649783
481.9461953577304,6.0549741029992692,-997.87509350807591
481.92923772733889,1.6751105724137982,-991.09858265775154
481.92536836441684,5.3874208242766262,-997.34342012115133
481.84532603106885,6.779791449550773,-994.86542772518089
481.84227732122241,2.8704045863759244,-989.70845205005162
481.83942009665878,5.6864368861797354,-995.17515123833994
481.80216271311144,2.4695048421574723,-991.15760820981916
481.77144027782668,4.4861775691876451,-992.66124075912853
481.76727894634087,2.4032313247329626,-993.60284100543095
481.75040403112831,5.7268276555286741,-995.86082833278965
481.74930426083205,2.0103801516421154,-991.97958996569321
481.70477838006184,5.2214189717236748,-994.31049248301235
481.70228227486615,6.8446971194335697,-995.96727183104758
481.69672414362049,1.5549284366942984,-989.31815927807236
481.64878780280191,6.3653684274632472,-997.91897923005718
481.64386725160193,1.3852101266644492,-990.97891956454498
481.62199093730953,6.0084493859634716,-993.43118691875236
481.62045970662234,1.5737749327927242,-992.14252546673629
481.6150890197365,5.2852445331878695,-997.05871361909817
481.61364146381464,3.1031439880717091,-992.3646882914453
481.59198863551899,6.4363169127322521,-994.96371858816383
481.59122899798729,2.4002800220418639,-991.8707507274288
481.5897327693101,6.0186926312787437,-995.08202244307552
481.54426551706337,4.1497965773808625,-993.90482861647024
481.50118231199434,2.8452661271692272,-989.37961904506096
481.49380875178207,6.0622178628636965,-995.82091043182845
481.47542787648786,6.4892060030903291,-995.8615682302817
481.43825555946182,2.6705670555776524,-991.07442491399547
481.43337754749217,5.4786818456040622,-994.07792122613398
481.40175555820196,5.7793007136641341,-993.74205638708327
481.39299726467937,4.4796326720307142,-992.85245162665478
481.38342731772968,1.7810235663822276,-989.06386555974859
481.36457540129527,2.5748958668912585,-993.567135664955
481.31242558836249,4.4289197267944402,-998.39703298185827
481.28236135981115,4.298215594153195,-997.98848755034919
481.27321664432554,6.4940542491598965,-997.77014380277569
481.26257581956264,2.5784961160603319,-989.10184978468828
481.25390957579816,1.2572327194286017,-992.29732140713406
481.2525955411428,4.2717377859245902,-993.62103119048857
481.2425916085059,1.3303050795835638,-990.85355360162896
481.24028006695801,3.1411371061102895,-992.56544907770979
481.23951786125974,5.4139303548849753,-996.90987819181714
481.21759741409892,2.1719916301135642,-988.98124268536549
481.20661329571237,2.59454604570832,-991.85758064165066
481.19481621015041,4.3977239633644691,-993.21905894935719
481.10178453405246,4.6246060371227617,-998.72221012627017
481.08634877487822,2.8146618127271394,-993.30860242422182
481.03887218180387,3.0309467202772198,-992.9259921939688
481.0369799163654,2.6156620084977318,-990.94905895107945
481.02307536186095,4.282418175397372,-997.65262430063115
480.96293729964452,6.3918779580715306,-997.48543730072277
480.94211030633141,5.7243246793483795,-996.95376391379818
480.87868445485617,1.5313672930043944,-990.77037030580516
480.87389467770004,2.5367858795899396,-998.68978110738806
480.85147334901154,2.4390586458847361,-998.27613353928143
480.8364659324215,6.0978674245497029,-997.17360793086573
480.78966355975507,1.1816618781796002,-992.38485099897491
480.75160944062924,2.3257615627480899,-990.82939585787312
480.74236727966894,2.5189752044602924,-991.94511023349139
480.73089592020318,4.8105290057256411,-998.83981236678574
480.69114595459786,1.9115978352511602,-990.76114286878226
480.66749798046408,2.7507853612003856,-999.01212486526481
480.63360603292119,4.3875615475579757,-997.51773157852585
480.60879817988604,2.4949321417329657,-997.9291814725982
480.4050478574801,1.3759279018467294,-992.37168091319654
480.37581714884567,2.2024329910959222,-992.09990617388894
480.34142659126383,4.9156723778858655,-998.70491964467999
480.31111978048381,2.9993165623152054,-999.12004045346578
480.2627174190722,4.5734845161604714,-997.63533381904097
480.24697259463539,1.7658277722460713,-992.26284167493225
480.23856283670307,2.6830645907915787,-997.7814488043457
480.08214059331294,4.8998749591304325,-998.36905639496217
480.05207636476229,4.7691708264890771,-997.96051096345377
479.94088443730129,3.1874490113735128,-998.97230778521282
479.88218463672314,2.9315957919060969,-997.88936439254621
479.69820926817511,3.2433225072222136,-998.62535571852982
479.67578793948724,3.1455952735167489,-998.21170815042387
479.55058886581833,1.8380039110515516,-999.42430492806739
479.52187092590043,1.4318596285451388,-999.18872701768635
479.36338205422362,2.2247885324218259,-999.46979012459656
479.28819751142976,1.1614889964839614,-998.85303914821861
479.2285273534136,1.7992375610557914,-1000.5131348158342
479.12712021154596,1.3843437231534079,-1000.5233055359238
479.04127570828012,2.1860167858400477,-1000.5587715861934
479.03175713021881,2.4444749136181971,-999.30780880818338
478.9388239244679,1.1301644067546324,-998.54546267619048
478.77578836416626,1.09981061648902,-1000.5853988770782
478.68238354325661,2.4131503238895999,-999.00023233615525
478.63688904013566,2.396944879780798,-1000.6427841518613
478.60719900046286,1.349850787951455,-998.38348135977753
478.44871012878667,2.1427796918282191,-998.6645444666882
478.41999218886838,1.736635409321321,-998.42896655630648
478.30872863564446,1.0543202168828818,-1000.6756972934513
478.16982931161351,2.3514544801753927,-1000.7330825682345
477.90434196749982,1.2652483108240871,-1000.7597098591192
477.81849746423478,2.0669213735108243,-1000.7951759093888
477.71709032236657,1.6520275356079352,-1000.8053466294783
508.33179887628637,5.9008613491581343,-1002.0634744664662
508.28297951355222,5.7660687116764366,-1000.4317741180037
508.22829970236904,6.3156173456639735,-1002.096249925642
508.17922247317216,6.1801127263233511,-1000.4559308494134
508.17240050596911,5.4989930518722598,-1001.986917326878
508.12692468237117,5.3734320887396834,-1000.4669688257994
507.90143615084662,6.5848383477625028,-1002.0727245929977
507.85528522408464,6.4574133919238204,-1000.5302119696872
507.81098935112743,5.263512484368075,-1001.8958207321189
507.77066562103187,5.1521767022464546,-1000.5480717906466
507.71127793467599,5.3544435495473284,-1003.6101903613584
507.64496982281719,5.0345485923714914,-1003.3015956340564
507.61560014091367,5.9050203787997955,-998.93379538574266
507.54678787024636,6.3117887205567609,-999.03638804726882
507.53722354361901,5.7070700933380367,-1003.8188323683003
507.47605898871637,6.6056910831368754,-1002.001884346006
507.46865913606229,5.5104862124053096,-998.98944670123569
507.43490078521819,6.4920512793210001,-1000.6262446156034
507.38561218899724,5.2843652197425754,-1001.8249804851274
507.37652715706525,4.5736774914484437,-1004.0331918325389
507.36994140188415,4.3930777715724405,-1003.6491300819268
507.36362665304301,4.8695742226216758,-1003.0109208834745
507.35028118216542,5.1868145896437543,-1000.6441044365627
507.28850627261255,6.5754195566725322,-999.25803777610724
507.18928951113929,5.9577368693510735,-1003.8478274997116
507.16209132520453,5.2788848632123884,-999.1820850827479
507.15131939016732,4.8069949184721352,-1004.3064728326776
507.13407765926178,4.3341787134780549,-1003.300986115796
507.11464783387453,6.3702105156325253,-1001.9107877512467
507.07864172387877,6.2707958928276408,-1000.7073475804508
507.05874863747459,5.553586221840737,-1001.8014551524827
507.02634393307767,5.4641152552438772,-1000.7183855568364
506.97471195370446,4.9225350422701428,-1002.8491939846637
506.95524946355727,5.968342218346578,-1001.8342306116587
506.93941013963916,6.5952148682330192,-999.51408190943926
506.92258689269772,5.8781592698908129,-1000.7425422882468
506.8129951922312,5.2986801747729935,-999.43812921607991
506.80037481180068,6.0106976889994206,-1003.6861006009007
506.78033981361523,5.0039107256882103,-1004.3645890287697
506.75902786216602,4.4194777554519824,-1003.1217390962306
506.63955077207044,3.0459661541934699,-1004.6685595280148
506.63284232878118,6.3636135190399878,-999.70672029095158
506.62677792122446,5.1732018182827941,-1002.8781891160747
506.60706598049762,2.8116791624789599,-1004.3068260519613
506.55471359459722,5.562311010888398,-999.65977894491868
506.51903164202639,5.8457233192493785,-1003.3954258503187
506.4859013239298,5.9690793526454273,-999.76237160644484
506.48188251696888,3.419289258447419,-1004.8836128497132
506.45272353016748,5.525828362073498,-1003.0868311230166
506.40529001651942,5.0892097676621226,-1004.1853420092041
506.39683622851368,2.8059179510168377,-1003.9365823145361
506.38804828561376,4.6163935626679553,-1003.1798552923223
506.23719592712786,6.1278785080601086,-997.69256527772131
506.19428512969495,3.7890517382014108,-1004.8698429575613
506.19307943666314,6.5306540766366634,-997.81739607928068
506.16942627389699,5.0303107095676083,-1003.837198043073
506.16284051871583,4.8497109896916477,-1003.4531362924608
506.14836292574034,5.7239495351077982,-997.80054188553072
506.08916213593005,3.0308831067692896,-1003.6992488393139
506.03286445423964,6.7784296634793337,-998.12735316685576
505.9605116197082,5.4731542964061557,-998.10008250851524
505.88661103711127,4.0140168939538485,-1004.6325094823392
505.81774765763578,6.7765634159962254,-998.50404346804714
505.80156474865601,3.4006455865232748,-1003.6854789471616
505.74539482310445,5.4712880489231681,-998.47677280970663
505.67638128512732,4.0082556824917415,-1004.2622657449136
505.64389649355439,3.7739686907772247,-1003.9005322688599
505.62989635160363,6.5257681772944478,-998.80358409103201
505.58517984068067,5.7190636357654947,-998.78672989728193
505.54106335021606,6.1218392043420664,-998.91156069884153
505.24797040442922,2.820686712610974,-1005.2976268582346
505.21559199104291,3.214292673848175,-1005.4560425986159
505.21111404873818,2.5856920193893971,-1004.9378695585
505.12634626199093,3.6161658040829221,-1005.3526073511716
505.11910079914225,2.5990685798181965,-1004.5141857602099
505.01432205242048,3.8728042267309015,-1005.02682986479
505.00707658957162,2.8557070024661515,-1004.1884082738285
504.92230880282438,3.8861807871596916,-1004.6031460664998
504.91783086051964,3.2575801327009142,-1004.0849730263839
504.88545244713333,3.6511860939381151,-1004.2433887667652
504.62504812932843,6.5218385239971512,-997.32250400598321
504.61255719489725,6.118744705567023,-997.17980712882968
504.60397276188974,6.7703963609099587,-997.67637545433377
504.57127107099745,5.7150830436048548,-997.30279017985777
504.55738116661723,6.7694775707744634,-998.1062546082602
504.51695965369521,5.4650385730244011,-997.64447781361457
504.50306974931499,6.5194331001938739,-998.44794224201723
504.47036805842265,5.4641197828890249,-998.07435696754089
504.46178362541508,6.1157714382316346,-998.57092529304566
504.44929269098384,5.7126776198014904,-998.42822841589191
503.62514379192402,3.6723054662570287,-1004.639666223459
503.5623251086771,3.4587202586622068,-1004.2649447090205
503.53886527188524,3.5983633756087046,-1005.0588861393016
503.38368374033791,6.2686122535935374,-998.67047211742079
503.37440382401564,3.0391900426297687,-1004.0778524781865
503.36772493059425,6.6803894551774077,-998.55277480237521
503.33644501071609,3.2651373521442437,-1005.362476697458
503.3270547598139,4.2705026443679399,-1004.531420101055
503.32314503451545,5.8723301050813737,-998.53221175225121
503.28136432818684,6.9503768146207419,-998.22407618107832
503.23679708635672,4.1119812759146619,-1004.1467345692491
503.20923254111631,5.6429093212379353,-998.19080446706494
503.18818959023338,4.3020900498555132,-1004.931544041233
503.15758874794619,6.9754483371484399,-997.80992795480961
503.13315948147107,2.5739611013772157,-1004.1498524041048
503.09520066817197,2.7999084108922276,-1005.4344766233752
503.0854569608756,5.6679808437655241,-997.77665624079646
503.04367625454717,6.7460275533046241,-997.46852066962401
502.99909635846836,5.9379682032087047,-997.44795761949979
502.9831375487247,6.3497454047924773,-997.33026030445467
502.95189193337586,3.8870757193011927,-1003.9244242439856
502.93073922030203,2.2407350779131798,-1004.453442962261
502.90727938351051,2.3803781948599276,-1005.2473843925418
502.87324335254044,4.1946781770970087,-1005.1942726443478
502.84446070026331,2.1667929872648872,-1004.8726628781036
502.63219291257553,5.3309137316009965,-1004.1230794065838
502.61371421940737,5.0628522771129463,-1003.780575322466
502.58116338574047,3.6816922528954792,-1003.9494041134649
502.50251480490562,3.989294710691456,-1005.2192525138262
502.44254515517054,5.4399991597264039,-1004.4933605841153
502.39416730838752,4.7382051608023747,-1003.5966732506098
502.38489666680624,6.2105513951248374,-999.20616786657172
502.29815705561504,6.6182140119247705,-999.12643357233583
502.29381023456472,5.8124934655006015,-999.08429166137239
502.26621714804776,3.5742803801371679,-1004.2121327165797
502.21760965192476,3.7643891540780183,-1004.996942188563
502.12735197846729,3.6058677856247621,-1004.6122566567576
502.11720994462996,5.3484416356220885,-1004.7499840306377
502.06672298429595,6.8797680522260549,-998.87554456899454
502.05968968009324,5.5760848226773376,-998.80735752470446
502.05741163740106,4.4809765467507097,-1003.6416175318625
501.79497615541567,5.7469180656901342,-1002.888265805384
501.78045427364412,5.091213021570324,-1004.7949283118897
501.77899440193755,6.8953087625278648,-998.5493319284202
501.77196109773507,5.5916255329790507,-998.48114488413023
501.73207642686071,4.389419022646428,-1003.898240978385
501.72551664311726,6.0884529795349316,-1003.1349295944135
501.63078014551485,5.376024586241348,-1002.7646884430042
501.56090736262428,4.7665659052598786,-1004.6110262400338
501.55928285442906,6.1988803032106716,-1000.3626829420805
501.5448738474667,6.6589001197042421,-998.27239779175284
501.54242866945583,4.4985044507718559,-1004.2685221559163
501.54052702641621,5.8531795732801832,-998.23025588078917
501.45378741522529,6.2608421900800355,-998.15052158655362
501.45030546386056,6.6062285609686553,-1000.3140992011786
501.44893278147686,6.270174599032325,-1003.4104626264771
501.4153968271641,5.8000759847575294,-1000.3147681056348
501.40192876854468,6.2566732648290104,-1001.8149460176575
501.29564590838038,5.1174412441326735,-1002.8113998594631
501.27728808315493,6.6697743328259538,-1001.9109230270077
501.25973176255934,5.8572486031452806,-1001.7514427506703
501.13009031465157,6.8665275688264913,-1000.187574220653
501.0736069539754,5.562145300398325,-1000.1886565307984
501.07087020490042,6.222671442024482,-1003.6096206483495
500.93341821182906,6.9387612399506606,-1002.0027138232878
500.91758333180428,5.069938087124739,-1003.0105578813357
500.90501148838746,5.6240669925932556,-1001.7446693156392
500.73573596776686,5.9640880999154859,-1003.6563320648079
500.72094871008659,6.8803519530197672,-1000.0314362426388
500.66446534941065,5.5759696845915023,-1000.0325185527843
500.64099947016393,5.2516597066221617,-1003.2860909133989
500.57153995786604,5.5931946204668161,-1003.5327547024283
500.50166575770572,6.9608901302096005,-1002.0552574421732
500.4732590342644,5.6461958828520959,-1001.7972129345245
500.37915883689868,6.6424212686602058,-999.90532466780292
500.34425020020194,5.83626869244919,-999.90599357225892
500.23527280963378,6.2436169502070928,-999.85740983135724
500.14694548353481,6.7277085196571909,-1002.0484840071415
500.12938916293882,5.9151827899766509,-1001.8890037308047
500.00474847754947,6.328283857973493,-1001.9849807401547
506.839777936411,4.505454375357143,-983.53019384017239
506.78944518397606,4.0968468622179861,-983.37443069667438
506.60807919976878,4.8510042433825635,-983.61492828055896
506.47630634314686,3.7812558859263019,-983.20713507668665
506.18285001629647,5.0015081615168926,-983.59626834162407
506.12849760700595,4.3488848272411467,-981.16260418895524
506.10735698386753,4.78474715567961,-981.07918541818708
506.01996980792228,3.6792264728822932,-983.09220822087559
505.93485683980754,3.987725862879727,-981.39520262424139
505.87950996988764,5.1288282531466844,-981.17680944707035
505.72651348107178,4.899478748473129,-983.48134148581289
505.6003988737346,3.8392207116391792,-981.68813602749674
505.59474062444934,3.8297303910162048,-983.07354828194048
505.53198638017176,5.2497008352965961,-981.41818721469065
505.41337464024252,4.583887772180991,-983.31404586582516
505.36304188780741,4.1752802590422933,-983.15828272232716
505.25287528401822,3.9600932937886251,-981.92951379511726
505.1975284140986,5.1011956840563171,-981.71112061794577
505.0250282700386,4.3041743912563639,-982.02713782400076
505.0038876469003,4.7400367196943991,-981.94371905323214
504.9604450445828,2.9132146053827555,-985.77992419937868
504.94837279590547,2.5370227946277142,-985.57835979457332
504.83953950971005,3.352632538436612,-985.73202922073131
504.80793395235202,2.3677495915908739,-985.2043267580292
504.63183799618065,3.6874338786290259,-985.45296911258436
504.60833220916152,3.2724930846251539,-980.66194528640267
504.59277137881924,2.4700516064475311,-984.80069299679042
504.56377939797443,3.5052233331563407,-980.29768160710807
504.52479177393758,3.2592771233143214,-981.09357729836597
504.41667542264781,3.7897358934859904,-985.04933535134558
504.40815099995541,3.8685728241796955,-980.13992260510531
504.38506986528955,2.8048529466398247,-984.5216328886429
504.34506769912332,3.4706234972506143,-981.42770888506027
504.27623657909442,3.6204626904488326,-984.67530231480112
504.26416433041686,3.244270879694144,-984.47373790999598
504.20089177353293,4.2237544019188169,-980.24892685712769
504.13780847270067,3.8258050749901038,-981.53671313708264
504.02116769871861,4.4351007758552718,-980.5830584438213
503.98218007468176,4.1891545660130873,-981.37895413507931
503.93762726349451,4.4218848145447236,-981.01469045578438
503.69680842313392,3.6970368452041495,-984.71361576702589
503.66369459012327,3.3236257787375023,-984.51344269215133
503.64946765283185,3.891126006981565,-985.10006533043429
503.56277451251179,2.913523143195603,-984.57600541677982
503.5397548444185,3.8317578011178832,-985.52518078409184
503.44340844260694,3.0184009956525979,-981.51396547827972
503.43259622980025,2.6233742064806309,-984.87740710653293
503.41900652145574,3.4652937019894026,-981.6054768158956
503.40957656170696,3.5416088644027606,-985.8265824738445
503.34967450758609,2.6699031818614953,-981.20599405813005
503.3228834213869,2.5640060006172489,-985.30252256019048
503.30865648409554,3.1315062288613209,-985.88914519847322
503.28578944862198,3.8398834763745495,-981.44557385036501
503.27554265108478,2.7580951623943628,-985.68897212359866
503.17360789367234,2.5529145804785309,-980.79919717038081
503.09464161804624,3.9990897568322281,-981.09533407961874
502.98246006309677,2.712120860935805,-980.44895739963488
502.91857500413266,3.882101155449011,-980.68853719186973
502.84924299026318,3.0867106353214706,-980.28905443410474
502.82484106911221,3.5336033416578982,-980.38056577172063
502.80404935529043,3.9689578522741304,-984.19882040405128
502.74329167252893,3.6039666873624339,-983.98270694147413
502.64743227372441,4.1963309376520712,-984.52225751499873
502.49494813102081,3.6665971004215154,-982.50235278844457
502.48836659517713,3.2407716623188221,-983.95646512454505
502.48721664758273,4.0308474238153194,-982.27264647186394
502.39723486303251,4.3086217615730131,-983.20727480273479
502.35858291196286,4.8760349016698452,-983.20063459349365
502.33326282977021,4.1992371530078856,-984.82947629115733
502.26281479346488,3.2922710468374339,-982.60074551093692
502.24257350704056,4.2458907738958844,-981.99936656669877
502.17288195367144,3.8831744336902467,-983.24953804324252
502.13664683819849,3.0181009321663206,-984.13011843540482
502.07168983203985,5.3686813201275552,-983.23215374975803
501.98154307279168,3.9765664228552025,-985.00312960201677
501.87948367993931,3.0508490926582317,-982.53024196359524
501.85446407396682,4.2295878999871954,-981.78689670827987
501.8224773942444,3.021007147522405,-984.43733721156354
501.77121936978079,3.7621993368506961,-983.31128119361892
501.72661799543977,3.6133713978120885,-984.97688778508791
501.66586031267832,3.2483802329000482,-984.76077432251077
501.64613902865665,5.5983868295307584,-983.28979302513062
501.49137424686575,3.0345462187492998,-982.31777210517623
501.47113296044142,3.9881659458077485,-981.71639316093797
501.34566856639776,3.9919048462540405,-983.36892046899186
501.24673110632358,3.2495895688299443,-982.04449220001106
501.24447644476618,5.4774117326909639,-983.35153617550691
501.23899962288544,3.6138398922239148,-981.81478588343066
501.0587754864747,4.484551264711655,-983.4004396252559
501.02012353540499,5.0519644048086541,-983.3937994160151